26 155
3 1
3 4
3 6
3 8
3 9
3 10
3 11
3 12
3 13
3 14
3 15
3 17
3 18
3 22
3 23
3 24
4 14
6 24
7 1
7 3
7 4
7 6
7 8
7 9
7 10
7 11
7 12
7 13
7 14
7 15
7 16
7 17
7 18
7 22
7 23
7 24
7 25
7 26
8 4
8 6
8 10
8 12
8 13
8 14
8 17
8 22
8 24
9 1
9 4
9 6
9 8
9 10
9 11
9 12
9 13
9 14
9 15
9 16
9 17
9 18
9 22
9 23
9 24
10 4
10 12
10 14
10 24
11 4
11 6
11 8
11 10
11 12
11 13
11 14
11 17
11 24
12 14
13 6
13 10
13 14
13 17
13 24
15 1
15 4
15 6
15 8
15 10
15 11
15 12
15 13
15 14
15 17
15 22
15 24
17 24
18 4
18 6
18 8
18 10
18 11
18 12
18 13
18 14
18 15
18 17
18 22
18 24
19 1
19 3
19 4
19 5
19 6
19 7
19 8
19 9
19 10
19 11
19 12
19 13
19 14
19 15
19 16
19 17
19 18
19 20
19 21
19 22
19 23
19 24
19 25
19 26
21 7
23 18
24 14
25 1
25 3
25 4
25 5
25 6
25 8
25 9
25 10
25 11
25 12
25 13
25 14
25 15
25 16
25 17
25 18
25 22
25 23
25 24
25 26
26 3
