35 180
1 3
1 10
1 11
1 13
1 15
1 16
1 17
1 18
1 20
1 21
1 23
1 26
1 29
1 30
1 31
1 32
1 33
1 35
2 22
3 31
6 3
6 12
6 25
6 31
7 1
7 6
7 8
7 12
7 13
7 14
7 15
7 16
7 17
7 18
7 20
7 25
7 26
7 29
7 30
7 32
7 34
7 35
9 27
10 20
14 3
14 10
14 17
14 18
14 20
14 21
14 23
14 26
14 31
14 35
15 3
15 6
15 13
15 16
15 25
15 30
15 31
18 3
18 6
18 12
18 15
18 16
18 17
18 25
18 26
18 31
18 35
20 3
20 13
20 15
20 16
20 18
20 26
20 31
20 35
21 3
21 6
21 10
21 15
21 16
21 18
21 20
21 23
21 26
21 31
21 32
21 35
22 4
22 6
22 10
22 12
22 15
22 16
22 17
22 18
22 20
22 24
22 25
22 26
22 32
22 35
24 1
24 8
24 10
24 11
24 14
24 17
24 18
24 20
24 21
24 23
24 26
24 29
24 33
25 12
25 31
26 35
27 1
27 2
27 3
27 4
27 5
27 7
27 8
27 11
27 12
27 13
27 14
27 19
27 21
27 22
27 23
27 24
27 28
27 29
27 30
27 31
27 32
27 33
27 34
28 1
28 3
28 8
28 11
28 12
28 13
28 14
28 21
28 23
28 29
28 30
28 31
28 32
28 33
30 31
32 3
32 30
33 3
33 10
33 12
33 17
33 18
33 20
33 21
33 25
33 26
33 30
33 31
35 3
35 6
35 12
35 15
35 25
35 30
35 31
35 32
