40 379
1 10
2 5
2 6
2 11
2 17
2 18
2 22
2 28
2 29
2 35
2 36
2 38
2 39
2 40
3 2
3 5
3 6
3 7
3 9
3 11
3 12
3 13
3 15
3 16
3 17
3 18
3 21
3 22
3 24
3 25
3 26
3 27
3 28
3 29
3 30
3 31
3 35
3 36
3 37
3 38
3 39
3 40
4 2
4 3
4 5
4 6
4 7
4 9
4 11
4 12
4 13
4 15
4 16
4 17
4 18
4 19
4 21
4 22
4 23
4 24
4 25
4 26
4 27
4 28
4 29
4 30
4 31
4 34
4 35
4 36
4 37
4 38
4 39
4 40
7 2
7 5
7 6
7 11
7 17
7 18
7 22
7 26
7 27
7 28
7 29
7 35
7 36
7 38
7 39
7 40
8 2
9 37
10 2
10 3
10 4
10 5
10 6
10 7
10 8
10 9
10 11
10 12
10 13
10 14
10 15
10 16
10 17
10 18
10 19
10 20
10 21
10 22
10 23
10 24
10 25
10 26
10 27
10 28
10 29
10 30
10 31
10 33
10 34
10 35
10 36
10 37
10 38
10 39
10 40
11 6
11 39
12 2
12 5
12 6
12 7
12 9
12 11
12 15
12 17
12 18
12 21
12 22
12 25
12 26
12 27
12 28
12 29
12 30
12 31
12 35
12 36
12 37
12 38
12 39
12 40
14 2
14 3
14 4
14 5
14 6
14 7
14 9
14 11
14 12
14 13
14 15
14 16
14 17
14 18
14 19
14 20
14 21
14 22
14 23
14 24
14 25
14 26
14 27
14 28
14 29
14 30
14 31
14 32
14 33
14 34
14 35
14 36
14 37
14 38
14 39
14 40
17 6
18 5
18 6
18 11
18 17
18 22
18 29
18 36
18 39
18 40
19 34
20 2
20 3
20 4
20 5
20 6
20 7
20 9
20 11
20 12
20 13
20 15
20 16
20 17
20 18
20 19
20 21
20 22
20 24
20 25
20 26
20 27
20 28
20 29
20 30
20 31
20 34
20 35
20 36
20 37
20 38
20 39
20 40
21 2
21 5
21 6
21 7
21 11
21 15
21 17
21 18
21 22
21 25
21 26
21 27
21 28
21 29
21 31
21 35
21 36
21 38
21 39
21 40
22 11
24 12
25 7
26 2
26 5
26 6
26 11
26 15
26 17
26 18
26 22
26 27
26 28
26 29
26 35
26 36
26 38
26 39
26 40
28 5
28 6
28 11
28 17
28 18
28 22
28 27
28 29
28 35
28 36
28 38
28 39
28 40
29 6
29 17
29 22
30 2
30 5
30 6
30 7
30 9
30 11
30 13
30 15
30 17
30 18
30 21
30 22
30 25
30 26
30 27
30 28
30 29
30 31
30 35
30 36
30 37
30 38
30 39
30 40
33 20
34 2
34 3
34 5
34 6
34 7
34 9
34 11
34 12
34 13
34 15
34 17
34 18
34 21
34 22
34 24
34 25
34 26
34 27
34 28
34 29
34 30
34 31
34 35
34 36
34 37
34 38
34 39
34 40
35 6
35 11
35 17
35 18
35 22
35 29
35 36
35 39
35 40
36 17
36 39
37 2
37 5
37 6
37 7
37 11
37 15
37 17
37 18
37 21
37 22
37 25
37 26
37 27
37 28
37 29
37 35
37 36
37 38
37 39
37 40
38 35
39 6
40 22
40 29
40 36
40 39
