67 1118
1 3
1 8
1 17
1 31
1 33
1 36
3 2
3 4
3 7
3 8
3 12
3 17
3 22
3 28
3 31
3 33
3 36
3 37
3 40
3 52
3 67
4 17
4 31
4 33
5 3
5 8
5 15
5 17
5 20
5 27
5 31
5 33
5 36
5 41
5 46
5 49
5 57
5 61
5 63
5 64
6 1
6 2
6 3
6 5
6 8
6 9
6 11
6 12
6 13
6 14
6 15
6 16
6 17
6 20
6 23
6 24
6 26
6 27
6 30
6 31
6 32
6 33
6 35
6 36
6 37
6 39
6 40
6 41
6 42
6 44
6 46
6 49
6 50
6 51
6 52
6 54
6 55
6 56
6 57
6 58
6 60
6 61
6 62
6 63
6 64
8 2
8 4
8 7
8 12
8 17
8 22
8 28
8 31
8 33
8 36
8 37
8 40
8 52
9 2
9 3
9 8
9 17
9 31
9 33
9 36
10 3
10 8
10 26
10 31
10 61
10 64
11 2
11 3
11 8
11 9
11 13
11 15
11 17
11 20
11 27
11 30
11 31
11 33
11 36
11 41
11 42
11 46
11 49
11 57
11 61
11 63
11 64
12 17
12 33
12 36
14 2
14 3
14 8
14 9
14 11
14 13
14 15
14 17
14 20
14 26
14 27
14 30
14 31
14 33
14 35
14 36
14 39
14 41
14 42
14 44
14 46
14 49
14 54
14 57
14 61
14 63
14 64
16 3
16 8
16 13
16 15
16 17
16 20
16 26
16 27
16 30
16 31
16 33
16 36
16 39
16 41
16 42
16 46
16 49
16 57
16 61
16 63
16 64
17 2
17 7
17 28
17 33
17 36
17 37
17 40
17 52
18 1
18 2
18 3
18 5
18 6
18 8
18 9
18 11
18 12
18 13
18 14
18 15
18 16
18 17
18 20
18 23
18 24
18 26
18 27
18 30
18 31
18 32
18 33
18 35
18 36
18 37
18 39
18 40
18 41
18 42
18 44
18 45
18 46
18 48
18 49
18 50
18 51
18 52
18 54
18 55
18 56
18 57
18 58
18 59
18 60
18 61
18 62
18 63
18 64
20 1
20 2
20 3
20 8
20 9
20 12
20 15
20 17
20 31
20 33
20 36
20 37
20 40
20 46
20 52
20 53
20 61
20 64
21 3
21 8
21 17
21 26
21 31
21 33
21 49
21 50
21 57
21 58
21 61
21 64
22 17
22 31
22 33
23 3
23 8
23 15
23 17
23 20
23 27
23 31
23 33
23 36
23 41
23 46
23 49
23 57
23 61
23 64
24 3
24 8
24 9
24 13
24 15
24 17
24 20
24 26
24 27
24 30
24 31
24 33
24 36
24 39
24 41
24 42
24 46
24 49
24 54
24 57
24 58
24 61
24 62
24 63
24 64
26 1
26 2
26 3
26 4
26 5
26 7
26 8
26 9
26 11
26 12
26 13
26 15
26 17
26 19
26 20
26 22
26 23
26 25
26 27
26 28
26 29
26 30
26 31
26 32
26 33
26 34
26 35
26 36
26 37
26 38
26 39
26 40
26 41
26 42
26 43
26 44
26 46
26 47
26 49
26 52
26 53
26 54
26 55
26 57
26 61
26 63
26 64
26 67
27 1
27 2
27 3
27 4
27 8
27 9
27 12
27 15
27 17
27 20
27 30
27 31
27 33
27 36
27 37
27 40
27 42
27 46
27 49
27 52
27 53
27 57
27 61
27 63
27 64
28 33
30 1
30 2
30 3
30 8
30 9
30 15
30 17
30 20
30 31
30 33
30 36
30 37
30 42
30 46
30 52
30 57
30 61
30 63
30 64
31 2
31 7
31 12
31 17
31 28
31 33
31 36
31 37
31 40
31 52
31 67
32 3
32 8
32 15
32 17
32 20
32 27
32 30
32 31
32 33
32 36
32 41
32 42
32 46
32 49
32 57
32 61
32 63
32 64
33 2
33 7
34 3
34 8
34 15
34 17
34 31
34 33
34 41
34 49
34 57
34 61
34 64
35 3
35 8
35 9
35 13
35 15
35 17
35 20
35 27
35 30
35 31
35 33
35 36
35 41
35 42
35 46
35 49
35 57
35 61
35 63
35 64
36 2
36 33
36 37
36 40
37 33
38 61
38 64
39 1
39 2
39 3
39 4
39 5
39 7
39 8
39 9
39 11
39 12
39 13
39 15
39 17
39 20
39 23
39 27
39 30
39 31
39 32
39 33
39 34
39 35
39 36
39 37
39 40
39 41
39 42
39 46
39 49
39 52
39 53
39 54
39 55
39 57
39 61
39 63
39 64
40 33
41 1
41 2
41 3
41 4
41 7
41 8
41 9
41 12
41 13
41 15
41 17
41 20
41 22
41 27
41 28
41 30
41 31
41 33
41 36
41 37
41 40
41 42
41 46
41 49
41 52
41 53
41 57
41 61
41 63
41 64
42 2
42 3
42 8
42 9
42 15
42 17
42 20
42 31
42 33
42 36
42 37
42 40
42 46
42 52
42 61
42 64
43 31
43 61
44 3
44 8
44 9
44 13
44 15
44 17
44 20
44 27
44 30
44 31
44 33
44 35
44 36
44 39
44 41
44 42
44 46
44 49
44 54
44 57
44 61
44 63
44 64
45 3
45 8
45 15
45 17
45 20
45 26
45 27
45 31
45 33
45 39
45 41
45 46
45 49
45 50
45 57
45 58
45 61
45 64
46 1
46 2
46 3
46 4
46 8
46 9
46 12
46 15
46 17
46 31
46 33
46 36
46 37
46 40
46 52
46 53
46 64
47 3
47 8
47 31
47 33
47 61
47 64
48 2
48 3
48 6
48 8
48 9
48 11
48 13
48 14
48 15
48 17
48 20
48 24
48 26
48 27
48 30
48 31
48 33
48 35
48 36
48 39
48 41
48 42
48 44
48 46
48 49
48 50
48 51
48 52
48 54
48 56
48 57
48 58
48 59
48 60
48 61
48 62
48 63
48 64
50 1
50 2
50 3
50 4
50 5
50 7
50 8
50 9
50 10
50 11
50 12
50 13
50 14
50 15
50 16
50 17
50 19
50 20
50 22
50 23
50 24
50 26
50 27
50 28
50 29
50 30
50 31
50 32
50 33
50 34
50 35
50 36
50 37
50 38
50 39
50 40
50 41
50 42
50 43
50 44
50 46
50 47
50 49
50 52
50 53
50 54
50 55
50 56
50 57
50 58
50 61
50 62
50 63
50 64
50 65
50 67
51 1
51 2
51 3
51 4
51 5
51 7
51 8
51 9
51 10
51 11
51 12
51 13
51 14
51 15
51 16
51 17
51 19
51 20
51 21
51 22
51 23
51 24
51 26
51 27
51 28
51 30
51 31
51 32
51 33
51 34
51 35
51 36
51 37
51 39
51 40
51 41
51 42
51 44
51 45
51 46
51 47
51 49
51 50
51 52
51 53
51 54
51 55
51 56
51 57
51 58
51 60
51 61
51 62
51 63
51 64
51 65
52 33
52 36
53 3
53 8
53 17
53 31
53 33
54 2
54 3
54 8
54 9
54 11
54 13
54 15
54 17
54 20
54 27
54 30
54 31
54 33
54 35
54 36
54 37
54 41
54 42
54 46
54 49
54 52
54 57
54 61
54 63
54 64
55 3
55 8
55 13
55 15
55 17
55 20
55 27
55 30
55 31
55 33
55 36
55 41
55 42
55 46
55 49
55 57
55 61
55 63
55 64
56 3
56 8
56 9
56 13
56 14
56 15
56 17
56 20
56 26
56 27
56 30
56 31
56 33
56 36
56 39
56 41
56 42
56 44
56 46
56 49
56 54
56 57
56 61
56 63
56 64
57 1
57 2
57 3
57 4
57 7
57 8
57 9
57 12
57 15
57 17
57 20
57 22
57 31
57 33
57 36
57 37
57 40
57 42
57 46
57 52
57 53
57 61
57 64
58 1
58 2
58 3
58 4
58 5
58 7
58 8
58 9
58 11
58 12
58 13
58 14
58 15
58 16
58 17
58 19
58 20
58 22
58 23
58 26
58 27
58 28
58 30
58 31
58 32
58 33
58 34
58 35
58 36
58 37
58 39
58 40
58 41
58 42
58 44
58 46
58 47
58 49
58 52
58 53
58 54
58 55
58 56
58 57
58 61
58 62
58 63
58 64
58 65
59 1
59 2
59 3
59 4
59 5
59 6
59 7
59 8
59 9
59 11
59 12
59 13
59 14
59 15
59 16
59 17
59 19
59 20
59 21
59 22
59 23
59 24
59 26
59 27
59 28
59 30
59 31
59 32
59 33
59 34
59 35
59 36
59 37
59 39
59 40
59 41
59 42
59 44
59 45
59 46
59 47
59 49
59 50
59 51
59 52
59 53
59 54
59 55
59 56
59 57
59 58
59 60
59 61
59 62
59 63
59 64
59 65
60 1
60 2
60 3
60 5
60 8
60 9
60 11
60 12
60 13
60 14
60 15
60 16
60 17
60 20
60 24
60 26
60 27
60 30
60 31
60 32
60 33
60 35
60 36
60 37
60 39
60 40
60 41
60 42
60 44
60 46
60 49
60 50
60 52
60 54
60 55
60 56
60 57
60 58
60 61
60 62
60 63
60 64
61 1
61 2
61 3
61 4
61 7
61 8
61 9
61 12
61 15
61 17
61 22
61 28
61 31
61 33
61 36
61 37
61 40
61 46
61 52
61 53
61 64
61 67
62 2
62 3
62 8
62 9
62 11
62 13
62 14
62 15
62 17
62 20
62 26
62 27
62 30
62 31
62 33
62 35
62 36
62 39
62 41
62 42
62 44
62 46
62 49
62 54
62 56
62 57
62 61
62 63
62 64
63 1
63 2
63 3
63 8
63 9
63 15
63 17
63 20
63 31
63 33
63 36
63 37
63 40
63 42
63 46
63 52
63 57
63 61
63 64
64 1
64 2
64 3
64 4
64 7
64 8
64 9
64 12
64 17
64 22
64 28
64 31
64 33
64 36
64 37
64 40
64 52
64 53
64 67
65 3
65 8
65 26
65 31
65 61
65 64
66 50
