99 1941
1 16
1 32
1 42
1 78
1 91
1 96
3 16
3 38
3 42
3 59
3 85
5 16
5 32
5 42
5 78
5 82
5 91
5 96
6 9
6 16
6 18
6 26
6 32
6 40
6 42
6 54
6 62
6 63
6 69
6 76
6 78
6 82
6 88
6 91
6 93
6 96
7 16
7 42
7 91
8 16
8 23
8 25
9 1
9 2
9 3
9 5
9 10
9 12
9 16
9 20
9 21
9 26
9 28
9 30
9 32
9 33
9 37
9 38
9 39
9 40
9 42
9 43
9 54
9 55
9 59
9 61
9 62
9 63
9 69
9 72
9 73
9 75
9 76
9 77
9 78
9 81
9 82
9 85
9 88
9 91
9 92
9 93
9 96
10 3
10 12
10 16
10 32
10 42
10 59
10 78
10 85
10 91
10 92
10 96
11 2
11 3
11 9
11 10
11 12
11 16
11 18
11 20
11 26
11 28
11 32
11 33
11 37
11 38
11 39
11 40
11 42
11 43
11 54
11 59
11 61
11 62
11 63
11 69
11 72
11 76
11 77
11 78
11 81
11 82
11 85
11 88
11 91
11 92
11 93
11 96
12 3
12 16
12 42
12 96
13 1
13 2
13 3
13 5
13 6
13 7
13 9
13 10
13 11
13 12
13 16
13 18
13 20
13 21
13 22
13 23
13 24
13 26
13 28
13 30
13 31
13 32
13 33
13 37
13 38
13 39
13 40
13 41
13 42
13 43
13 44
13 47
13 50
13 54
13 55
13 59
13 61
13 62
13 63
13 64
13 65
13 69
13 72
13 73
13 75
13 76
13 77
13 78
13 79
13 80
13 81
13 82
13 85
13 87
13 88
13 89
13 91
13 92
13 93
13 94
13 96
14 16
14 42
15 9
15 10
15 11
15 13
15 16
15 18
15 23
15 26
15 29
15 32
15 33
15 36
15 40
15 41
15 42
15 48
15 53
15 54
15 58
15 62
15 63
15 65
15 69
15 72
15 76
15 78
15 82
15 88
15 89
15 91
15 93
15 96
15 99
16 38
16 42
16 55
16 59
17 9
17 13
17 16
17 18
17 23
17 25
17 26
17 29
17 32
17 36
17 40
17 42
17 48
17 53
17 54
17 58
17 63
17 65
17 69
17 76
17 78
17 82
17 88
17 91
17 93
17 96
18 1
18 2
18 3
18 5
18 9
18 10
18 12
18 16
18 20
18 21
18 26
18 28
18 30
18 32
18 33
18 37
18 38
18 39
18 40
18 42
18 43
18 54
18 55
18 59
18 61
18 62
18 63
18 69
18 72
18 73
18 75
18 76
18 77
18 78
18 81
18 82
18 85
18 88
18 91
18 92
18 93
18 94
18 96
19 16
19 23
19 40
19 93
20 16
20 42
20 78
20 91
20 96
21 16
21 42
21 96
22 9
22 16
22 18
22 23
22 26
22 32
22 40
22 41
22 42
22 54
22 63
22 65
22 69
22 76
22 78
22 82
22 88
22 89
22 91
22 93
22 96
23 1
23 2
23 3
23 5
23 6
23 7
23 9
23 10
23 11
23 12
23 14
23 16
23 18
23 20
23 21
23 24
23 26
23 27
23 28
23 30
23 31
23 32
23 33
23 37
23 38
23 39
23 40
23 42
23 43
23 44
23 47
23 50
23 52
23 54
23 55
23 59
23 61
23 62
23 63
23 64
23 65
23 67
23 69
23 72
23 73
23 75
23 76
23 77
23 78
23 79
23 80
23 81
23 82
23 84
23 85
23 87
23 88
23 89
23 91
23 92
23 93
23 94
23 95
23 96
23 97
25 1
25 2
25 3
25 4
25 5
25 6
25 7
25 9
25 10
25 11
25 12
25 13
25 14
25 15
25 16
25 18
25 19
25 20
25 21
25 22
25 23
25 24
25 26
25 28
25 29
25 30
25 31
25 32
25 33
25 36
25 37
25 38
25 39
25 40
25 41
25 42
25 43
25 44
25 45
25 47
25 48
25 49
25 50
25 52
25 53
25 54
25 55
25 56
25 58
25 59
25 60
25 61
25 62
25 63
25 64
25 65
25 66
25 67
25 69
25 70
25 71
25 72
25 73
25 74
25 75
25 76
25 77
25 78
25 79
25 80
25 81
25 82
25 83
25 84
25 85
25 87
25 88
25 89
25 91
25 92
25 93
25 94
25 95
25 96
25 97
25 99
26 1
26 2
26 3
26 5
26 7
26 10
26 12
26 14
26 16
26 20
26 21
26 24
26 28
26 32
26 33
26 37
26 38
26 39
26 40
26 42
26 47
26 54
26 55
26 59
26 62
26 63
26 69
26 72
26 73
26 75
26 76
26 77
26 78
26 79
26 80
26 81
26 82
26 85
26 88
26 91
26 92
26 93
26 94
26 95
26 96
26 97
27 16
28 3
28 10
28 16
28 32
28 42
28 78
28 91
28 96
29 4
29 6
29 9
29 11
29 13
29 18
29 22
29 23
29 26
29 30
29 40
29 41
29 43
29 44
29 50
29 53
29 54
29 58
29 60
29 61
29 65
29 69
29 77
29 87
29 89
29 99
30 16
30 26
30 32
30 40
30 42
30 54
30 63
30 69
30 76
30 78
30 82
30 88
30 91
30 93
30 96
31 16
31 26
31 40
31 42
31 54
31 69
31 93
32 3
32 12
32 16
32 20
32 21
32 38
32 42
32 55
32 59
32 73
32 78
32 85
32 91
32 94
32 96
33 3
33 10
33 12
33 16
33 20
33 28
33 32
33 38
33 42
33 55
33 59
33 78
33 82
33 85
33 91
33 92
33 96
34 2
34 3
34 9
34 10
34 11
34 12
34 13
34 15
34 16
34 18
34 20
34 23
34 25
34 26
34 28
34 29
34 32
34 33
34 36
34 37
34 38
34 39
34 40
34 41
34 42
34 43
34 46
34 48
34 51
34 53
34 54
34 55
34 58
34 59
34 60
34 61
34 62
34 63
34 65
34 69
34 72
34 73
34 74
34 76
34 77
34 78
34 81
34 82
34 85
34 87
34 88
34 89
34 90
34 91
34 92
34 93
34 96
34 98
34 99
35 16
36 1
36 2
36 3
36 4
36 5
36 6
36 7
36 9
36 10
36 11
36 12
36 13
36 16
36 18
36 20
36 21
36 22
36 23
36 24
36 26
36 28
36 29
36 30
36 31
36 32
36 33
36 37
36 38
36 39
36 40
36 41
36 42
36 43
36 44
36 47
36 48
36 49
36 50
36 53
36 54
36 55
36 56
36 58
36 59
36 60
36 61
36 62
36 63
36 64
36 65
36 69
36 72
36 73
36 75
36 76
36 77
36 78
36 79
36 80
36 81
36 82
36 85
36 87
36 88
36 89
36 91
36 92
36 93
36 94
36 96
36 97
36 99
39 16
39 32
39 33
39 42
39 62
39 72
39 78
39 82
39 91
39 96
40 1
40 2
40 3
40 5
40 7
40 10
40 12
40 14
40 16
40 20
40 21
40 24
40 28
40 32
40 33
40 37
40 38
40 39
40 42
40 47
40 54
40 55
40 59
40 62
40 63
40 72
40 73
40 75
40 76
40 77
40 78
40 79
40 80
40 81
40 82
40 85
40 88
40 91
40 92
40 93
40 94
40 95
40 96
40 97
41 2
41 3
41 9
41 10
41 11
41 12
41 16
41 18
41 20
41 23
41 26
41 28
41 32
41 33
41 37
41 38
41 39
41 40
41 42
41 43
41 54
41 55
41 59
41 61
41 62
41 63
41 65
41 69
41 72
41 73
41 76
41 77
41 78
41 81
41 82
41 85
41 87
41 88
41 89
41 91
41 92
41 93
41 96
42 38
42 55
43 2
43 3
43 10
43 16
43 26
43 32
43 33
43 40
43 42
43 54
43 62
43 63
43 69
43 72
43 76
43 77
43 78
43 82
43 88
43 91
43 92
43 93
43 96
44 16
44 26
44 40
44 42
44 54
44 65
44 69
44 88
44 91
44 93
44 96
45 16
45 23
45 26
45 40
45 42
45 54
45 69
45 93
46 1
46 2
46 3
46 6
46 9
46 10
46 11
46 12
46 13
46 15
46 16
46 17
46 18
46 20
46 21
46 22
46 23
46 25
46 26
46 28
46 29
46 32
46 33
46 36
46 37
46 38
46 39
46 40
46 41
46 42
46 43
46 48
46 49
46 50
46 51
46 53
46 54
46 55
46 58
46 59
46 60
46 61
46 62
46 63
46 65
46 69
46 72
46 73
46 74
46 75
46 76
46 77
46 78
46 81
46 82
46 85
46 87
46 88
46 89
46 90
46 91
46 92
46 93
46 96
46 99
47 16
47 42
48 1
48 2
48 3
48 4
48 5
48 6
48 7
48 9
48 10
48 11
48 12
48 13
48 14
48 16
48 18
48 20
48 21
48 22
48 23
48 24
48 26
48 28
48 29
48 30
48 31
48 32
48 33
48 37
48 38
48 39
48 40
48 41
48 42
48 43
48 44
48 47
48 49
48 50
48 53
48 54
48 55
48 56
48 58
48 59
48 60
48 61
48 62
48 63
48 64
48 65
48 69
48 72
48 73
48 75
48 76
48 77
48 78
48 79
48 80
48 81
48 82
48 85
48 87
48 88
48 89
48 91
48 92
48 93
48 94
48 96
48 97
48 99
49 9
49 13
49 16
49 18
49 23
49 26
49 29
49 32
49 40
49 41
49 42
49 53
49 54
49 58
49 62
49 63
49 65
49 69
49 76
49 78
49 82
49 88
49 89
49 91
49 93
49 96
49 99
50 9
50 16
50 18
50 26
50 32
50 40
50 42
50 54
50 63
50 69
50 76
50 78
50 82
50 88
50 91
50 93
50 96
51 1
51 2
51 3
51 4
51 5
51 6
51 9
51 10
51 11
51 12
51 13
51 15
51 16
51 17
51 18
51 20
51 21
51 22
51 23
51 24
51 25
51 26
51 28
51 29
51 30
51 32
51 33
51 36
51 37
51 38
51 39
51 40
51 41
51 42
51 43
51 44
51 47
51 48
51 49
51 50
51 53
51 54
51 55
51 58
51 59
51 60
51 61
51 62
51 63
51 65
51 66
51 69
51 70
51 72
51 73
51 74
51 75
51 76
51 77
51 78
51 79
51 80
51 81
51 82
51 85
51 87
51 88
51 89
51 90
51 91
51 92
51 93
51 94
51 96
51 99
52 16
52 26
52 40
52 42
52 54
52 69
52 93
54 1
54 2
54 3
54 5
54 7
54 10
54 12
54 14
54 16
54 20
54 21
54 24
54 28
54 32
54 33
54 37
54 38
54 39
54 42
54 47
54 55
54 59
54 62
54 63
54 72
54 73
54 75
54 76
54 78
54 79
54 80
54 81
54 82
54 85
54 88
54 91
54 92
54 93
54 94
54 96
54 97
57 23
59 42
61 2
61 3
61 10
61 16
61 26
61 32
61 33
61 37
61 40
61 42
61 54
61 62
61 63
61 69
61 72
61 76
61 77
61 78
61 81
61 82
61 88
61 91
61 92
61 93
61 96
62 3
62 10
62 12
62 16
62 20
62 28
62 32
62 33
62 38
62 42
62 55
62 59
62 72
62 73
62 78
62 81
62 82
62 85
62 91
62 92
62 96
63 1
63 2
63 3
63 5
63 10
63 12
63 16
63 20
63 21
63 24
63 28
63 32
63 33
63 37
63 38
63 39
63 42
63 47
63 55
63 59
63 62
63 72
63 73
63 76
63 78
63 80
63 81
63 82
63 85
63 91
63 92
63 93
63 94
63 96
64 16
64 26
64 40
64 42
64 54
64 69
64 93
65 1
65 2
65 3
65 5
65 6
65 7
65 9
65 10
65 11
65 12
65 16
65 18
65 20
65 21
65 24
65 26
65 28
65 30
65 31
65 32
65 33
65 37
65 38
65 39
65 40
65 42
65 43
65 47
65 50
65 54
65 55
65 59
65 61
65 62
65 63
65 69
65 72
65 73
65 75
65 76
65 77
65 78
65 79
65 80
65 81
65 82
65 85
65 88
65 91
65 92
65 93
65 94
65 96
65 97
66 13
66 16
66 23
66 26
66 29
66 36
66 40
66 42
66 48
66 53
66 54
66 58
66 63
66 65
66 69
66 82
66 88
66 91
66 93
66 96
67 16
68 16
68 23
68 25
68 26
68 36
68 40
68 42
68 53
68 54
68 58
68 69
68 90
68 93
69 1
69 2
69 3
69 5
69 7
69 10
69 12
69 14
69 16
69 20
69 21
69 24
69 28
69 32
69 33
69 37
69 38
69 39
69 40
69 42
69 47
69 54
69 55
69 59
69 62
69 63
69 72
69 73
69 75
69 76
69 77
69 78
69 79
69 80
69 81
69 82
69 85
69 88
69 91
69 92
69 93
69 94
69 96
69 97
70 13
70 16
70 23
70 26
70 29
70 36
70 40
70 42
70 48
70 53
70 54
70 58
70 65
70 69
70 91
70 93
72 3
72 10
72 12
72 16
72 28
72 32
72 33
72 38
72 42
72 59
72 78
72 81
72 82
72 85
72 91
72 92
72 96
73 16
73 42
73 78
73 91
73 96
74 1
74 2
74 3
74 4
74 6
74 9
74 10
74 11
74 12
74 13
74 15
74 16
74 18
74 20
74 21
74 22
74 23
74 26
74 28
74 29
74 32
74 33
74 36
74 37
74 38
74 39
74 40
74 41
74 42
74 43
74 48
74 49
74 50
74 53
74 54
74 55
74 58
74 59
74 60
74 61
74 62
74 63
74 65
74 69
74 72
74 73
74 75
74 76
74 77
74 78
74 81
74 82
74 85
74 87
74 88
74 89
74 91
74 92
74 93
74 96
74 99
75 16
75 32
75 42
75 63
75 76
75 78
75 82
75 88
75 91
75 93
75 96
77 2
77 3
77 10
77 16
77 32
77 33
77 37
77 42
77 54
77 62
77 63
77 72
77 76
77 78
77 82
77 88
77 91
77 93
77 96
78 3
78 12
78 16
78 21
78 38
78 42
78 47
78 55
78 59
78 85
78 91
78 94
78 96
79 16
79 42
80 16
80 42
80 91
80 96
81 3
81 10
81 16
81 32
81 33
81 42
81 78
81 82
81 91
81 96
82 1
82 3
82 10
82 12
82 16
82 20
82 21
82 28
82 32
82 38
82 42
82 47
82 55
82 59
82 73
82 78
82 85
82 91
82 92
82 94
82 96
83 16
83 23
83 26
83 40
83 42
83 93
84 16
84 40
85 16
85 42
86 16
86 23
86 25
86 26
86 40
86 53
86 90
86 93
87 2
87 3
87 9
87 10
87 11
87 12
87 16
87 18
87 26
87 32
87 33
87 37
87 40
87 42
87 43
87 54
87 59
87 61
87 62
87 63
87 65
87 69
87 72
87 76
87 77
87 78
87 81
87 82
87 85
87 88
87 89
87 91
87 92
87 93
87 96
88 1
88 2
88 3
88 5
88 10
88 12
88 16
88 20
88 21
88 24
88 28
88 32
88 33
88 37
88 38
88 39
88 42
88 47
88 55
88 59
88 62
88 63
88 72
88 73
88 76
88 78
88 80
88 81
88 82
88 85
88 91
88 92
88 93
88 94
88 96
89 1
89 2
89 3
89 6
89 9
89 10
89 11
89 12
89 16
89 18
89 20
89 21
89 26
89 28
89 32
89 33
89 37
89 38
89 39
89 40
89 42
89 43
89 50
89 54
89 55
89 59
89 61
89 62
89 63
89 65
89 69
89 72
89 73
89 76
89 77
89 78
89 81
89 82
89 85
89 88
89 91
89 92
89 93
89 96
90 1
90 2
90 3
90 4
90 5
90 6
90 7
90 9
90 10
90 11
90 12
90 13
90 14
90 15
90 16
90 17
90 18
90 19
90 20
90 21
90 22
90 23
90 24
90 25
90 26
90 28
90 29
90 30
90 31
90 32
90 33
90 36
90 37
90 38
90 39
90 40
90 41
90 42
90 43
90 44
90 45
90 47
90 48
90 49
90 50
90 52
90 53
90 54
90 55
90 56
90 58
90 59
90 60
90 61
90 62
90 63
90 64
90 65
90 66
90 67
90 69
90 70
90 71
90 72
90 73
90 74
90 75
90 76
90 77
90 78
90 79
90 80
90 81
90 82
90 83
90 85
90 87
90 88
90 89
90 91
90 92
90 93
90 94
90 95
90 96
90 97
90 99
91 3
91 12
91 16
91 21
91 38
91 42
91 47
91 55
91 59
91 85
91 94
91 96
92 3
92 16
92 32
92 42
92 59
92 78
92 91
92 96
94 16
94 42
94 96
95 16
95 42
96 3
96 16
96 38
96 42
96 47
96 55
96 59
96 85
97 16
97 42
98 1
98 2
98 3
98 4
98 5
98 6
98 7
98 9
98 10
98 11
98 12
98 13
98 14
98 15
98 16
98 17
98 18
98 20
98 21
98 22
98 23
98 24
98 25
98 26
98 28
98 29
98 30
98 31
98 32
98 33
98 36
98 37
98 38
98 39
98 40
98 41
98 42
98 43
98 44
98 45
98 46
98 47
98 48
98 49
98 50
98 51
98 52
98 53
98 54
98 55
98 56
98 58
98 59
98 60
98 61
98 62
98 63
98 64
98 65
98 66
98 68
98 69
98 70
98 72
98 73
98 74
98 75
98 76
98 77
98 78
98 79
98 80
98 81
98 82
98 85
98 87
98 88
98 89
98 90
98 91
98 92
98 93
98 94
98 96
98 97
98 99
