68 469
1 11
1 18
1 25
1 28
1 39
1 57
1 65
1 68
2 3
2 7
2 14
2 17
2 19
2 22
2 25
2 30
2 33
2 51
2 58
2 60
2 61
2 63
2 65
3 24
4 10
4 12
4 16
4 20
4 29
4 35
4 43
4 45
4 48
4 57
4 59
4 61
4 65
5 8
5 14
5 15
5 41
6 16
6 18
6 23
6 26
6 27
6 31
6 33
6 37
6 39
6 41
6 50
6 54
6 55
6 58
6 62
6 64
7 5
7 11
7 15
7 47
7 60
7 65
9 15
9 17
9 20
9 30
9 45
9 49
9 52
9 56
10 3
10 7
10 15
10 18
10 24
10 40
10 43
10 49
10 60
10 61
10 66
11 12
11 20
11 52
11 55
12 41
13 1
13 7
13 9
13 18
13 25
13 30
13 35
13 44
13 46
13 60
13 65
13 66
14 12
14 17
14 21
15 59
16 18
16 20
16 24
16 56
16 62
17 21
18 5
18 8
19 5
19 15
19 18
19 20
19 35
20 8
20 12
20 14
20 21
20 56
21 41
22 1
22 3
22 8
22 17
22 25
22 29
22 42
22 44
22 60
22 63
23 14
23 15
23 17
23 20
23 21
23 27
23 28
23 30
23 37
23 38
23 44
23 59
23 63
24 41
25 12
25 28
25 31
25 40
25 47
26 10
26 11
26 13
26 15
26 31
26 40
26 41
26 47
26 52
26 68
27 8
27 15
27 19
27 21
27 43
27 57
27 59
27 61
28 8
28 31
28 35
29 3
29 14
29 15
29 21
29 24
29 28
29 35
29 61
30 3
30 5
30 12
30 16
30 24
30 49
30 61
30 62
31 12
31 21
31 41
32 1
32 8
32 9
32 16
32 22
32 26
32 33
32 36
32 37
32 41
32 48
32 52
32 60
32 68
33 5
33 8
33 12
33 42
33 45
33 47
33 55
33 56
34 3
34 10
34 19
34 27
34 30
34 36
34 41
34 44
34 49
34 52
34 53
34 54
34 58
34 61
34 62
36 5
36 20
36 24
36 41
37 19
37 28
37 29
37 43
37 49
37 52
37 60
37 62
38 12
38 18
38 29
38 30
38 42
38 44
38 47
38 49
38 61
38 65
38 66
38 68
39 7
39 14
39 16
39 17
39 24
39 36
39 44
39 52
39 60
39 65
40 8
40 12
40 15
40 18
40 35
40 43
40 60
42 1
42 21
42 24
42 25
42 27
42 40
42 52
43 12
43 17
43 35
44 8
44 15
44 20
44 25
44 36
44 40
44 57
44 59
45 1
45 14
45 15
45 21
45 25
45 29
45 31
45 64
45 68
46 7
46 11
46 17
46 18
46 45
46 48
46 49
46 57
46 61
47 17
47 21
47 28
47 36
47 41
47 52
48 7
48 27
48 35
48 36
48 39
48 52
48 57
48 59
48 60
49 14
49 16
49 24
49 31
49 56
49 62
49 68
50 4
50 9
50 19
50 33
50 43
50 46
50 49
50 55
50 56
50 66
51 5
51 31
51 35
51 41
51 45
51 47
51 55
51 56
51 61
52 14
52 15
52 17
52 56
53 1
53 11
53 16
53 17
53 19
53 37
53 40
53 43
53 49
53 55
53 59
53 60
53 64
54 5
54 11
54 22
54 37
54 42
54 51
54 56
54 59
54 60
54 62
55 24
55 35
55 59
56 14
56 24
57 5
57 17
57 18
57 29
57 41
57 52
57 61
57 68
58 16
58 19
58 28
58 31
58 33
58 42
58 43
58 56
58 61
59 3
59 17
59 35
59 41
61 3
61 14
61 28
61 55
62 3
62 11
62 21
62 43
62 52
62 56
63 1
63 18
63 24
63 25
63 35
63 40
63 49
63 56
63 57
63 59
63 61
63 64
63 65
64 7
64 11
64 19
64 24
64 29
64 39
64 48
64 57
65 5
65 8
65 17
65 35
65 36
65 47
66 3
66 5
66 7
66 16
66 24
66 27
66 28
66 29
66 31
66 37
66 39
67 6
67 12
67 13
67 14
67 16
67 17
67 26
67 36
67 40
67 47
67 51
67 52
67 55
67 58
67 60
67 64
68 28
68 36
68 43
68 55
68 61
68 62
