100 1060
1 10
1 15
1 17
1 18
1 21
1 53
1 70
1 95
2 9
2 21
2 28
2 31
2 53
2 66
2 70
2 84
2 86
2 89
2 100
3 1
3 4
3 5
3 11
3 17
3 24
3 26
3 30
3 33
3 36
3 43
3 50
3 51
3 63
3 65
3 73
3 81
3 95
4 5
4 50
4 87
5 17
5 36
5 63
5 67
5 99
6 7
6 8
6 18
6 20
6 24
6 28
6 36
6 41
6 47
6 56
6 59
6 62
6 67
6 72
6 74
6 78
6 96
6 100
7 14
7 51
7 63
7 68
7 99
8 1
8 7
8 18
8 21
8 44
8 57
8 67
8 95
8 99
9 10
9 14
9 19
9 24
9 28
9 49
9 63
9 78
9 79
9 85
9 89
9 90
9 93
9 98
10 17
10 67
11 4
11 10
11 14
11 28
11 29
11 30
11 43
11 44
11 57
11 73
11 81
11 82
11 87
11 88
11 98
11 99
12 18
12 29
12 31
12 33
12 36
12 45
12 60
12 63
12 65
12 68
12 79
12 90
12 95
12 99
13 10
13 12
13 15
13 24
13 26
13 28
13 39
13 40
13 44
13 47
13 50
13 52
13 55
13 60
13 62
13 69
13 71
13 75
13 77
13 86
13 89
13 97
13 99
14 21
14 29
14 51
14 99
16 18
16 32
16 42
16 43
16 57
16 73
16 75
16 78
16 82
16 84
16 88
16 90
16 93
18 5
18 17
18 70
18 99
20 2
20 4
20 16
20 26
20 33
20 50
20 53
20 55
20 57
20 62
20 66
20 73
20 77
20 83
20 84
20 99
20 100
22 2
22 3
22 8
22 19
22 26
22 35
22 40
22 45
22 50
22 59
22 60
22 63
22 75
22 83
22 84
22 88
22 89
22 95
22 96
22 98
22 99
23 7
23 8
23 10
23 14
23 15
23 16
23 17
23 18
23 19
23 24
23 32
23 33
23 36
23 53
23 56
23 60
23 62
23 65
23 67
23 68
23 69
23 78
23 82
23 84
23 99
24 1
24 8
24 14
24 17
24 27
24 85
24 91
25 5
25 9
25 14
25 17
25 19
25 24
25 26
25 27
25 32
25 42
25 52
25 55
25 57
25 58
25 59
25 60
25 63
25 68
25 69
25 75
25 77
25 78
25 82
25 90
25 98
26 8
26 9
26 10
26 17
26 43
26 53
26 57
26 67
26 68
26 78
26 79
26 85
26 90
26 91
26 95
26 99
27 10
27 14
27 15
27 19
27 36
27 51
27 67
27 68
27 79
28 1
28 5
28 8
28 14
28 19
28 21
28 24
28 33
28 53
28 63
28 75
28 78
28 86
28 91
28 96
29 19
29 68
30 4
30 15
30 17
30 33
30 36
30 42
30 45
30 57
30 78
30 84
30 85
30 89
31 4
31 7
31 28
31 29
31 51
31 68
31 82
31 87
31 94
31 96
31 97
32 18
32 55
32 63
32 89
33 4
33 7
33 36
33 66
33 70
33 95
34 2
34 5
34 10
34 12
34 21
34 29
34 30
34 35
34 44
34 59
34 60
34 75
34 77
34 78
34 83
34 87
34 90
34 94
34 95
34 96
35 3
35 9
35 14
35 24
35 36
35 43
35 51
35 63
35 67
35 68
35 73
35 85
35 94
35 96
35 97
35 100
37 7
37 11
37 14
37 16
37 17
37 30
37 32
37 33
37 36
37 39
37 58
37 68
37 69
37 71
37 77
37 79
37 93
37 100
38 1
38 3
38 17
38 19
38 25
38 26
38 31
38 32
38 47
38 52
38 83
38 89
38 90
38 100
39 2
39 4
39 9
39 18
39 20
39 24
39 27
39 36
39 44
39 48
39 51
39 66
39 72
39 73
39 75
39 81
39 85
39 93
39 95
40 17
40 42
40 45
40 50
40 66
40 81
40 82
40 84
40 94
40 95
40 96
40 99
41 10
41 14
41 20
41 28
41 40
41 45
41 51
41 56
41 57
41 58
41 60
41 63
41 67
41 69
41 77
41 81
41 92
41 94
41 95
41 96
42 1
42 8
42 10
42 14
42 27
42 32
42 51
42 63
42 73
42 77
42 78
42 92
43 5
43 27
43 29
43 63
43 66
43 67
43 79
43 95
44 5
44 10
44 14
44 17
44 21
44 29
44 33
44 49
44 51
44 77
44 79
44 82
44 89
44 98
45 10
45 29
45 63
45 79
45 81
46 4
46 7
46 16
46 21
46 30
46 48
46 49
46 52
46 67
46 82
46 85
46 87
46 90
46 91
47 2
47 4
47 11
47 42
47 46
47 48
47 49
47 50
47 60
47 67
47 69
47 77
47 82
47 92
47 95
47 96
47 98
48 1
48 3
48 7
48 17
48 24
48 30
48 45
48 49
48 65
48 67
48 81
48 98
49 10
49 15
49 36
49 53
49 67
49 70
49 77
49 82
49 95
50 5
50 14
50 15
50 17
50 27
50 49
50 79
50 89
51 68
51 79
52 3
52 7
52 8
52 11
52 14
52 16
52 32
52 44
52 51
52 75
52 86
52 92
52 95
53 15
53 19
54 3
54 15
54 18
54 19
54 21
54 22
54 39
54 40
54 42
54 43
54 46
54 65
54 67
54 74
54 79
54 84
54 92
54 93
54 96
55 10
55 29
55 63
56 3
56 9
56 15
56 18
56 20
56 24
56 26
56 29
56 46
56 50
56 52
56 55
56 59
56 73
56 78
56 93
56 98
57 14
57 21
57 29
57 53
57 68
58 10
58 14
58 15
58 22
58 33
58 42
58 43
58 60
58 71
58 75
58 81
58 86
58 89
58 90
58 93
58 96
58 98
59 8
59 15
59 19
59 27
59 32
59 36
59 40
59 51
59 53
59 57
59 60
59 62
59 68
59 70
59 86
59 95
59 99
60 1
60 5
60 14
60 28
60 33
60 45
60 57
60 77
60 96
60 100
61 7
61 9
61 11
61 18
61 20
61 29
61 32
61 35
61 40
61 41
61 49
61 51
61 70
61 71
61 75
61 84
61 90
61 95
61 100
62 4
62 18
62 27
62 32
62 42
62 55
62 63
62 66
62 72
62 85
62 88
62 91
62 97
62 99
63 19
64 7
64 8
64 11
64 16
64 18
64 19
64 30
64 32
64 39
64 42
64 46
64 49
64 62
64 74
64 75
64 76
64 78
64 89
64 90
64 93
64 98
65 19
65 32
65 36
65 44
65 45
65 51
65 81
65 89
65 91
65 99
66 15
66 18
66 21
66 32
66 49
66 50
66 68
66 85
66 87
66 99
67 17
67 21
69 2
69 4
69 5
69 14
69 33
69 60
69 70
69 72
69 73
69 86
69 87
69 89
69 92
70 5
70 19
70 36
70 67
71 1
71 2
71 29
71 33
71 35
71 42
71 46
71 48
71 53
71 69
71 81
71 87
71 93
71 94
71 98
72 1
72 2
72 5
72 8
72 11
72 12
72 26
72 28
72 31
72 42
72 55
72 57
72 60
72 66
72 70
72 78
72 87
73 1
73 4
73 27
73 32
73 44
73 51
73 66
73 70
73 87
73 89
73 95
74 1
74 3
74 4
74 12
74 19
74 26
74 32
74 42
74 49
74 50
74 52
74 55
74 57
74 65
74 68
74 72
74 77
74 83
74 87
74 95
75 7
75 10
75 27
75 29
75 33
75 57
75 65
75 78
75 79
75 98
76 2
76 14
76 18
76 21
76 31
76 36
76 43
76 44
76 45
76 48
76 49
76 56
76 58
76 62
76 68
76 70
76 82
76 85
76 88
76 92
76 97
77 5
77 15
77 51
77 57
77 63
77 81
77 87
78 49
78 50
78 53
78 55
78 68
78 99
79 15
79 53
79 87
80 2
80 3
80 4
80 7
80 9
80 26
80 27
80 35
80 37
80 40
80 44
80 45
80 53
80 55
80 57
80 63
80 66
80 70
80 71
80 72
80 76
80 83
80 98
81 21
81 29
81 67
81 68
81 79
81 87
81 98
82 5
82 18
82 53
82 55
82 67
82 79
83 7
83 11
83 17
83 18
83 21
83 27
83 32
83 45
83 51
83 75
83 79
83 82
83 88
83 91
83 95
84 5
84 15
84 17
84 21
84 29
84 43
84 55
84 73
84 79
84 81
84 86
84 91
84 97
85 1
85 21
85 29
85 53
85 63
85 82
85 98
86 15
86 33
86 36
86 50
86 51
86 55
86 67
86 87
87 15
87 53
87 68
88 7
88 9
88 15
88 21
88 36
88 51
88 57
88 63
88 67
88 75
88 87
88 97
89 1
89 18
89 21
89 29
89 36
89 55
89 68
89 77
90 4
90 10
90 17
90 49
90 51
90 53
90 55
90 70
90 86
90 91
90 98
91 7
91 19
91 21
91 33
91 50
91 70
91 77
91 81
91 86
92 8
92 15
92 18
92 19
92 53
92 55
92 73
92 85
92 86
92 87
92 89
92 93
92 98
93 4
93 8
93 15
93 19
93 21
93 43
93 45
93 55
93 86
94 1
94 4
94 15
94 17
94 18
94 55
94 78
94 98
94 99
94 100
95 70
95 99
96 10
96 17
96 18
96 19
96 55
96 66
96 70
96 78
96 85
97 8
97 24
97 66
97 67
97 73
97 79
97 81
97 82
97 85
97 86
97 87
97 96
98 10
98 70
99 10
99 17
99 29
100 8
100 18
100 29
100 36
100 45
100 50
100 73
100 81
100 82
100 85
100 92
100 93
100 95
100 96
