150 2336
1 4
1 6
1 17
1 18
1 19
1 21
1 22
1 31
1 34
1 36
1 56
1 61
1 77
1 89
1 107
1 111
1 123
1 127
1 131
1 136
1 139
1 145
2 41
2 50
2 85
2 86
2 96
2 100
2 107
2 114
3 45
3 100
3 119
3 140
4 8
4 18
4 24
4 27
4 50
4 52
4 53
4 57
4 66
4 68
4 69
4 72
4 85
4 87
4 99
4 104
4 110
4 123
4 133
4 140
4 141
4 147
5 11
5 24
5 25
5 26
5 27
5 34
5 36
5 43
5 45
5 51
5 58
5 70
5 86
5 88
5 94
5 96
5 99
5 107
5 108
5 109
5 110
5 118
5 123
5 126
5 130
5 144
6 10
6 22
6 26
6 31
6 34
6 58
6 63
6 72
6 86
6 87
6 89
6 102
6 104
6 107
6 119
6 123
6 131
6 132
6 138
6 141
8 13
8 19
8 32
8 58
8 89
8 106
8 110
8 120
8 121
8 122
8 147
9 19
9 33
9 34
9 36
9 43
9 49
9 51
9 56
9 62
9 82
9 87
9 89
9 94
9 108
9 111
9 118
9 126
9 131
9 140
9 141
9 150
10 13
11 25
11 30
11 43
11 106
12 24
12 25
12 31
12 32
12 38
12 50
12 58
12 60
12 71
12 82
12 89
12 94
12 102
12 138
13 43
14 11
14 16
14 17
14 18
14 22
14 24
14 26
14 28
14 29
14 34
14 36
14 37
14 38
14 44
14 47
14 57
14 58
14 68
14 71
14 72
14 76
14 77
14 82
14 85
14 87
14 94
14 96
14 100
14 102
14 106
14 107
14 109
14 110
14 117
14 124
14 138
14 143
14 146
14 147
14 149
14 150
15 3
15 8
15 9
15 17
15 20
15 43
15 58
15 60
15 61
15 63
15 71
15 78
15 85
15 87
15 96
15 104
15 108
15 109
15 114
15 124
15 126
15 129
15 133
15 138
15 140
15 143
15 144
15 145
15 150
16 24
16 55
16 60
16 71
16 110
16 111
16 135
16 139
16 140
17 13
17 26
17 58
17 60
17 71
17 84
17 89
17 94
17 95
17 108
17 135
17 138
17 139
18 9
18 16
18 25
18 32
18 37
18 46
18 47
18 50
18 53
18 58
18 76
18 78
18 85
18 87
18 96
18 106
18 110
18 113
18 132
18 137
18 139
18 143
18 145
18 147
19 13
20 13
20 25
20 27
20 33
20 37
20 43
20 45
20 53
20 56
20 71
20 78
20 86
20 94
20 102
20 107
20 109
20 111
20 124
20 131
21 5
21 22
21 34
21 49
21 57
21 64
21 66
21 68
21 87
21 100
21 102
21 106
21 108
21 109
21 114
21 120
21 133
21 141
21 147
22 43
22 94
22 122
23 32
23 60
23 85
24 120
25 89
25 120
25 135
26 43
26 53
26 82
26 94
26 100
26 106
26 110
26 138
27 6
27 8
27 11
27 13
27 22
27 30
27 33
27 34
27 47
27 49
27 60
27 68
27 72
27 73
27 82
27 86
27 87
27 89
27 90
27 135
27 137
27 139
27 146
27 150
28 6
28 27
28 38
28 44
28 46
28 47
28 50
28 65
28 68
28 72
28 73
28 76
28 87
28 99
28 107
28 118
28 120
28 129
28 137
28 141
29 6
29 9
29 17
29 26
29 36
29 46
29 47
29 51
29 56
29 58
29 62
29 63
29 70
29 71
29 73
29 76
29 84
29 85
29 86
29 87
29 104
29 107
29 109
29 114
29 121
29 129
29 131
29 139
29 141
29 142
29 146
29 150
30 43
30 120
31 11
31 22
31 24
31 30
31 34
31 43
31 85
31 100
31 106
31 121
31 138
31 147
32 22
32 24
32 89
32 94
32 100
32 120
32 124
32 135
33 3
33 25
33 31
33 45
33 49
33 60
33 63
33 68
33 72
33 84
33 85
33 94
33 107
33 110
33 134
33 135
33 139
34 30
34 40
34 58
34 85
34 138
34 140
35 86
36 11
36 16
36 22
36 25
36 34
36 49
36 58
36 60
36 65
36 71
36 79
36 90
36 95
36 100
36 106
36 120
36 135
36 138
36 139
36 140
37 9
37 13
37 22
37 25
37 26
37 32
37 33
37 43
37 53
37 56
37 65
37 78
37 83
37 95
37 99
37 107
37 108
37 110
37 111
37 123
37 126
37 131
37 134
37 135
37 137
37 140
38 11
38 23
38 32
38 45
38 90
38 106
38 110
39 13
39 15
39 16
39 22
39 25
39 32
39 33
39 43
39 45
39 47
39 53
39 60
39 68
39 72
39 73
39 85
39 87
39 89
39 90
39 100
39 104
39 108
39 111
39 115
39 124
39 129
39 136
39 138
39 140
39 145
39 147
40 100
40 142
40 147
41 6
41 16
41 22
41 24
41 28
41 38
41 51
41 57
41 64
41 75
41 78
41 82
41 85
41 92
41 94
41 99
41 102
41 104
41 111
41 117
41 120
41 124
41 125
41 127
41 132
42 3
42 87
42 89
42 111
43 120
44 53
44 58
44 85
44 90
44 93
44 118
44 126
44 135
44 138
44 140
45 43
45 89
45 110
45 111
46 22
46 27
46 49
46 58
46 70
46 73
46 82
46 83
46 84
46 95
46 106
46 107
46 109
46 111
46 131
46 138
46 139
46 144
46 148
47 8
47 22
47 33
47 36
47 40
47 49
47 51
47 56
47 58
47 60
47 68
47 71
47 72
47 79
47 85
47 94
47 100
47 108
47 110
47 114
47 120
47 135
47 146
47 147
48 1
48 4
48 6
48 9
48 12
48 16
48 18
48 19
48 21
48 22
48 23
48 25
48 26
48 27
48 28
48 33
48 34
48 36
48 40
48 45
48 47
48 49
48 50
48 53
48 59
48 62
48 64
48 74
48 78
48 83
48 86
48 87
48 88
48 92
48 96
48 101
48 104
48 105
48 112
48 116
48 131
48 133
48 135
48 136
48 138
48 139
48 141
48 145
48 149
49 24
49 25
49 32
49 82
49 106
49 114
49 120
49 124
49 132
49 135
50 11
50 16
50 17
50 23
50 24
50 25
50 26
50 33
50 34
50 42
50 43
50 44
50 45
50 47
50 55
50 56
50 62
50 72
50 75
50 78
50 79
50 85
50 86
50 87
50 89
50 90
50 96
50 100
50 102
50 106
50 107
50 109
50 110
50 118
50 119
50 120
50 134
50 135
50 137
50 139
50 143
50 144
50 146
50 148
50 150
51 19
51 22
51 85
51 90
51 137
52 6
52 13
52 14
52 17
52 26
52 29
52 46
52 47
52 53
52 76
52 78
52 81
52 83
52 93
52 99
52 103
52 107
52 118
52 131
53 89
54 4
54 5
54 9
54 22
54 33
54 34
54 39
54 43
54 51
54 55
54 72
54 74
54 75
54 79
54 85
54 96
54 107
54 108
54 115
54 120
54 123
54 131
54 132
54 138
54 140
54 150
55 22
55 51
55 60
55 90
55 94
55 104
55 111
55 118
55 124
55 131
56 8
56 16
56 26
56 60
56 71
56 89
56 90
56 94
56 118
56 131
56 135
56 137
56 147
57 6
57 9
57 16
57 17
57 29
57 33
57 34
57 40
57 46
57 49
57 58
57 63
57 70
57 87
57 99
57 100
57 101
57 103
57 106
57 107
57 116
57 120
57 126
57 130
57 137
57 138
57 142
57 143
57 150
58 13
58 22
58 43
58 45
58 110
58 135
59 3
59 10
59 14
59 27
59 28
59 31
59 37
59 43
59 55
59 63
59 67
59 69
59 75
59 76
59 82
59 85
59 91
59 92
59 94
59 97
59 110
59 113
59 114
59 131
59 133
59 135
59 138
59 139
59 140
59 143
59 145
59 147
60 24
60 90
60 110
61 5
61 38
61 43
61 45
61 55
61 60
61 70
61 72
61 79
61 87
61 89
61 107
61 108
61 116
61 118
61 119
61 120
61 130
61 131
61 135
61 150
62 3
62 8
62 11
62 19
62 24
62 26
62 33
62 45
62 49
62 56
62 63
62 65
62 85
62 94
62 95
62 109
62 121
62 134
62 141
62 150
63 17
63 32
63 44
63 55
63 58
63 85
63 89
63 93
63 107
63 111
63 118
63 135
63 139
64 15
64 17
64 24
64 28
64 29
64 44
64 45
64 58
64 66
64 68
64 72
64 76
64 78
64 85
64 86
64 89
64 90
64 101
64 104
64 106
64 109
64 111
64 116
64 119
64 121
64 124
64 126
64 131
64 138
64 140
64 142
64 145
65 30
65 55
65 111
65 119
65 126
66 18
66 22
66 26
66 32
66 33
66 36
66 38
66 47
66 67
66 68
66 76
66 77
66 89
66 90
66 93
66 96
66 99
66 107
66 108
66 110
66 113
66 120
66 125
66 126
66 130
66 131
66 138
66 139
66 143
66 144
66 145
66 149
67 9
67 16
67 24
67 26
67 43
67 46
67 71
67 75
67 79
67 86
67 94
67 111
67 114
67 116
67 134
67 135
67 143
68 3
68 11
68 16
68 17
68 19
68 24
68 25
68 32
68 36
68 43
68 45
68 56
68 58
68 72
68 82
68 85
68 86
68 87
68 94
68 95
68 100
68 107
68 108
68 111
68 118
68 120
68 131
68 132
68 134
68 137
68 139
68 140
68 146
69 3
69 8
69 13
69 18
69 27
69 32
69 36
69 40
69 41
69 45
69 52
69 53
69 57
69 62
69 65
69 68
69 70
69 78
69 79
69 82
69 85
69 94
69 98
69 102
69 107
69 108
69 110
69 111
69 114
69 116
69 120
69 125
69 127
69 128
69 133
69 134
69 135
69 139
69 144
69 149
69 150
70 6
70 19
70 36
70 40
70 60
70 73
70 78
70 95
70 101
70 106
70 110
70 120
70 123
70 131
70 138
70 147
71 24
71 26
71 32
71 38
71 43
71 49
71 58
71 75
71 79
71 85
71 95
71 110
71 119
71 135
71 138
71 139
71 140
72 8
72 13
72 24
72 25
72 31
72 32
72 34
72 49
72 58
72 63
72 65
72 79
72 85
72 89
72 94
72 100
72 102
72 106
72 107
72 108
72 119
72 123
72 124
72 131
72 138
72 142
72 148
73 13
73 22
73 25
73 33
73 36
73 45
73 49
73 56
73 63
73 85
73 90
73 93
73 94
73 96
73 102
73 109
73 110
73 132
73 139
73 146
73 147
74 5
74 11
74 22
74 25
74 26
74 29
74 31
74 32
74 41
74 45
74 49
74 50
74 55
74 57
74 58
74 60
74 64
74 69
74 76
74 85
74 86
74 92
74 96
74 99
74 105
74 106
74 107
74 109
74 111
74 116
74 119
74 121
74 123
74 126
74 131
74 133
74 134
74 136
74 138
74 140
74 142
74 144
74 149
74 150
75 11
75 13
75 22
75 34
75 43
75 55
75 58
75 94
75 118
75 131
75 138
76 6
76 11
76 19
76 22
76 30
76 32
76 37
76 45
76 49
76 50
76 56
76 70
76 71
76 73
76 78
76 85
76 88
76 89
76 96
76 102
76 106
76 108
76 110
76 114
76 131
76 138
76 139
76 140
76 142
77 19
77 28
77 32
77 34
77 37
77 65
77 82
77 86
77 87
77 90
77 100
77 111
77 118
77 135
77 144
77 148
78 8
78 16
78 19
78 24
78 31
78 34
78 38
78 45
78 60
78 65
78 71
78 72
78 85
78 87
78 88
78 89
78 90
78 94
78 96
78 99
78 106
78 107
78 111
78 119
78 121
78 131
78 134
78 138
78 139
78 142
78 144
78 147
79 3
79 8
79 25
79 34
79 38
79 49
79 51
79 90
79 114
79 118
79 121
79 135
79 139
79 140
79 142
80 9
80 32
80 33
80 36
80 57
80 76
80 83
80 84
80 85
80 87
80 109
80 114
80 116
80 120
80 127
80 147
80 150
81 60
81 70
81 147
82 24
82 43
82 58
82 85
82 94
82 106
82 111
82 118
82 131
82 147
83 8
83 13
83 17
83 22
83 25
83 73
83 78
83 84
83 86
83 88
83 89
83 107
83 109
83 123
83 124
83 131
83 132
83 135
83 150
84 16
84 25
84 30
84 38
84 45
84 60
84 90
84 102
84 106
84 107
84 135
84 142
85 13
85 19
85 24
85 43
85 45
85 53
85 90
85 94
85 100
85 102
85 110
85 124
85 135
85 142
86 8
86 19
86 26
86 30
86 31
86 34
86 36
86 45
86 63
86 65
86 100
86 102
86 108
86 111
86 124
86 139
86 140
86 146
87 8
87 16
87 19
87 24
87 31
87 43
87 45
87 49
87 55
87 60
87 72
87 82
87 85
87 89
87 95
87 108
87 110
87 111
87 119
87 120
87 124
87 126
87 137
88 8
88 31
88 40
88 58
88 65
88 86
88 87
88 106
88 126
88 131
89 43
90 22
90 89
90 104
91 5
91 13
91 21
91 32
91 75
91 79
91 94
91 99
91 105
91 118
91 125
91 150
92 5
92 6
92 8
92 18
92 20
92 22
92 25
92 27
92 28
92 29
92 30
92 33
92 37
92 40
92 50
92 53
92 55
92 56
92 57
92 60
92 70
92 77
92 78
92 79
92 84
92 87
92 89
92 90
92 100
92 110
92 116
92 125
92 126
92 129
92 131
92 133
92 149
93 43
93 51
93 102
93 138
95 32
95 89
95 104
95 118
95 142
95 147
96 13
96 17
96 24
96 26
96 36
96 45
96 53
96 55
96 60
96 63
96 71
96 72
96 75
96 79
96 84
96 85
96 86
96 95
96 106
96 107
96 109
96 111
96 119
96 120
96 131
96 140
96 141
96 142
96 146
97 5
97 6
97 9
97 13
97 14
97 18
97 22
97 27
97 28
97 32
97 33
97 36
97 42
97 46
97 51
97 56
97 57
97 60
97 64
97 71
97 78
97 79
97 81
97 85
97 86
97 87
97 88
97 94
97 100
97 101
97 103
97 108
97 113
97 121
97 132
97 134
97 135
97 142
97 144
97 150
98 26
98 33
98 37
98 61
98 79
98 85
98 87
98 90
98 101
98 111
98 116
98 131
98 141
99 8
99 16
99 17
99 22
99 25
99 26
99 30
99 43
99 49
99 60
99 65
99 68
99 85
99 87
99 90
99 94
99 100
99 107
99 108
99 118
99 119
99 120
99 121
99 123
99 138
99 150
100 90
100 102
101 6
101 16
101 22
101 24
101 25
101 26
101 30
101 33
101 42
101 53
101 71
101 82
101 89
101 106
101 111
101 118
101 124
101 131
101 138
101 139
101 142
101 147
102 13
102 22
102 94
102 104
103 5
103 6
103 29
103 36
103 38
103 43
103 45
103 49
103 51
103 75
103 76
103 85
103 94
103 101
103 118
103 122
103 129
103 135
103 139
103 143
103 144
104 94
105 6
105 8
105 11
105 13
105 15
105 18
105 19
105 20
105 21
105 22
105 24
105 26
105 27
105 38
105 43
105 44
105 46
105 52
105 57
105 63
105 65
105 66
105 67
105 71
105 72
105 76
105 78
105 87
105 90
105 92
105 95
105 96
105 97
105 106
105 111
105 113
105 120
105 128
105 129
105 131
105 134
105 140
105 143
105 144
106 13
106 25
106 43
106 94
106 102
106 110
106 124
106 142
107 11
107 13
107 30
107 31
107 32
107 43
107 44
107 49
107 75
107 82
107 102
107 110
107 111
107 118
107 120
107 135
107 138
107 140
107 142
107 147
107 148
108 19
108 32
108 36
108 45
108 49
108 58
108 79
108 85
108 89
108 100
108 102
108 110
108 114
108 118
108 124
108 131
108 142
109 11
109 22
109 25
109 44
109 56
109 58
109 75
109 79
109 84
109 85
109 94
109 108
109 110
109 114
109 118
109 131
109 139
109 140
109 148
110 43
110 135
111 43
111 90
111 100
111 120
111 142
112 11
112 16
112 17
112 18
112 19
112 22
112 25
112 27
112 28
112 31
112 35
112 38
112 42
112 47
112 50
112 56
112 69
112 75
112 78
112 83
112 85
112 86
112 87
112 88
112 89
112 94
112 97
112 100
112 105
112 113
112 114
112 116
112 133
112 135
112 137
112 140
112 144
113 22
113 58
113 68
113 86
113 87
113 111
113 129
113 131
113 139
113 146
113 147
114 13
114 90
115 6
115 13
115 14
115 16
115 17
115 21
115 33
115 36
115 38
115 42
115 45
115 46
115 50
115 52
115 53
115 55
115 56
115 60
115 61
115 62
115 66
115 69
115 70
115 72
115 76
115 78
115 82
115 89
115 90
115 99
115 101
115 102
115 105
115 108
115 109
115 112
115 118
115 119
115 121
115 126
115 129
115 133
115 138
115 139
115 142
115 144
116 5
116 11
116 17
116 24
116 25
116 26
116 27
116 33
116 36
116 43
116 53
116 58
116 60
116 68
116 71
116 76
116 84
116 88
116 94
116 96
116 99
116 104
116 111
116 126
116 129
116 130
116 139
116 144
117 45
117 65
117 95
117 99
117 102
117 116
118 85
118 90
118 102
118 122
118 147
119 94
121 24
121 25
121 40
121 85
121 100
121 102
121 123
124 22
124 43
124 89
125 9
125 16
125 18
125 22
125 26
125 49
125 51
125 56
125 72
125 73
125 79
125 82
125 84
125 86
125 87
125 102
125 107
125 110
125 124
125 133
125 134
125 141
126 24
126 31
126 34
126 53
126 71
126 85
126 94
126 106
126 142
126 147
127 15
127 16
127 22
127 23
127 28
127 33
127 36
127 43
127 45
127 53
127 64
127 73
127 76
127 85
127 103
127 111
127 123
127 138
127 139
127 140
127 141
128 11
128 17
128 24
128 25
128 37
128 43
128 47
128 56
128 57
128 71
128 73
128 75
128 86
128 87
128 111
128 116
128 121
128 123
128 130
128 146
128 147
128 149
129 6
129 27
129 33
129 36
129 44
129 58
129 62
129 71
129 72
129 82
129 84
129 85
129 86
129 89
129 99
129 101
129 107
129 108
129 118
129 123
129 126
129 131
129 135
129 138
129 144
129 146
129 147
129 150
130 19
130 26
130 36
130 42
130 43
130 47
130 49
130 50
130 58
130 70
130 73
130 75
130 87
130 96
130 99
130 102
130 118
130 131
130 139
130 141
130 143
130 147
130 150
131 13
131 19
131 22
131 53
131 58
131 85
131 90
131 100
131 102
131 118
131 120
131 138
131 142
131 147
132 43
132 45
132 114
132 120
132 147
133 20
133 29
133 33
133 36
133 38
133 49
133 50
133 67
133 71
133 82
133 88
133 89
133 96
133 102
133 106
133 114
133 116
133 120
133 123
133 124
133 130
133 138
133 139
133 140
133 144
134 25
134 40
134 90
134 100
134 131
135 89
135 102
136 3
136 15
136 24
136 27
136 32
136 46
136 47
136 49
136 53
136 66
136 69
136 72
136 76
136 85
136 87
136 90
136 97
136 100
136 101
136 107
136 108
136 111
136 120
136 121
136 131
136 133
136 134
136 139
136 140
136 144
136 147
137 13
137 19
137 43
137 124
138 19
138 22
138 24
138 32
138 43
138 45
138 90
138 100
138 102
138 123
138 135
138 140
139 11
139 19
139 22
139 25
139 31
139 34
139 38
139 49
139 53
139 58
139 82
139 85
139 90
139 94
139 114
139 120
139 123
139 135
139 137
139 138
139 142
139 147
139 148
140 22
140 60
140 89
140 90
140 94
140 100
140 111
140 118
140 135
141 3
141 13
141 16
141 17
141 31
141 36
141 38
141 43
141 58
141 68
141 72
141 75
141 85
141 87
141 90
141 93
141 107
141 110
141 120
141 146
142 22
142 60
142 94
143 17
143 23
143 32
143 34
143 62
143 73
143 78
143 84
143 86
143 87
143 89
143 90
143 99
143 100
143 101
143 110
143 120
143 129
143 131
143 141
143 147
144 3
144 11
144 16
144 19
144 24
144 32
144 36
144 43
144 44
144 60
144 63
144 73
144 86
144 96
144 99
144 107
144 109
144 110
144 118
144 121
144 131
144 140
144 146
145 22
145 27
145 46
145 49
145 61
145 70
145 71
145 78
145 87
145 88
145 96
145 101
145 103
145 109
145 114
145 116
145 121
145 126
145 129
145 130
145 138
145 140
145 144
146 16
146 17
146 22
146 26
146 32
146 36
146 79
146 82
146 94
146 114
146 118
146 120
147 22
147 94
147 124
148 114
148 138
149 3
149 6
149 9
149 22
149 43
149 45
149 46
149 55
149 57
149 60
149 63
149 65
149 72
149 82
149 84
149 96
149 99
149 100
149 103
149 106
149 107
149 109
149 116
149 120
149 124
149 129
149 130
149 144
149 150
150 3
150 8
150 13
150 19
150 36
150 38
150 55
150 72
150 79
150 82
150 84
150 85
150 87
150 89
150 94
150 102
150 107
150 120
150 135
150 138
150 139
150 147
