200 4111
1 5
1 12
1 19
1 20
1 57
1 73
1 103
1 115
1 118
1 125
1 133
1 155
2 1
2 5
2 24
2 50
2 83
2 85
2 92
2 98
2 101
2 103
2 133
2 144
2 169
2 177
2 195
3 19
3 22
3 57
3 73
3 140
4 1
4 3
4 17
4 20
4 22
4 39
4 45
4 58
4 61
4 80
4 83
4 87
4 92
4 99
4 114
4 126
4 132
4 133
4 139
4 141
4 143
4 151
4 155
4 160
4 168
4 171
4 190
5 73
5 164
6 14
6 22
6 35
6 41
6 44
6 72
6 74
6 80
6 103
6 104
6 122
6 126
6 127
6 148
6 164
6 168
6 180
6 181
6 185
6 187
6 196
7 2
7 3
7 5
7 14
7 21
7 23
7 28
7 29
7 31
7 32
7 33
7 35
7 37
7 41
7 46
7 59
7 65
7 67
7 69
7 71
7 73
7 74
7 77
7 79
7 80
7 81
7 85
7 86
7 87
7 92
7 94
7 95
7 98
7 101
7 103
7 106
7 112
7 115
7 116
7 121
7 122
7 125
7 126
7 128
7 130
7 134
7 135
7 137
7 139
7 144
7 145
7 150
7 152
7 153
7 156
7 157
7 158
7 159
7 160
7 166
7 168
7 173
7 178
7 181
7 187
7 188
7 189
7 194
7 197
7 198
8 2
8 4
8 12
8 28
8 32
8 35
8 38
8 41
8 43
8 70
8 73
8 78
8 80
8 87
8 95
8 97
8 101
8 102
8 103
8 105
8 114
8 115
8 116
8 118
8 123
8 124
8 126
8 133
8 135
8 136
8 139
8 145
8 148
8 151
8 152
8 153
8 157
8 163
8 164
8 170
8 177
8 181
8 185
8 193
8 197
8 198
9 2
9 3
9 4
9 5
9 14
9 35
9 37
9 39
9 41
9 42
9 55
9 57
9 59
9 67
9 73
9 74
9 75
9 80
9 85
9 98
9 99
9 101
9 108
9 114
9 118
9 124
9 126
9 128
9 132
9 148
9 150
9 157
9 159
9 170
9 171
9 177
9 186
9 191
9 197
9 200
10 61
10 77
10 98
10 103
11 2
11 3
11 26
11 38
11 42
11 43
11 61
11 74
11 77
11 78
11 80
11 85
11 103
11 107
11 108
11 119
11 126
11 127
11 135
11 139
11 143
11 148
11 156
11 160
11 164
11 178
11 181
11 184
11 185
11 187
11 191
11 195
12 99
12 101
13 8
13 10
13 20
13 25
13 31
13 38
13 43
13 44
13 58
13 59
13 78
13 101
13 103
13 104
13 106
13 108
13 122
13 127
13 144
13 149
13 161
13 175
13 188
13 193
13 198
13 200
14 1
14 2
14 26
14 37
14 41
14 58
14 59
14 68
14 72
14 78
14 80
14 83
14 96
14 97
14 101
14 103
14 104
14 105
14 107
14 115
14 118
14 127
14 128
14 145
14 150
14 155
14 163
14 164
14 165
14 166
14 168
14 173
14 175
14 177
14 181
14 182
14 185
14 186
14 187
14 188
14 197
15 2
15 3
15 4
15 7
15 9
15 11
15 13
15 22
15 25
15 27
15 29
15 33
15 38
15 39
15 42
15 54
15 57
15 58
15 67
15 71
15 74
15 79
15 86
15 93
15 98
15 101
15 102
15 104
15 117
15 124
15 132
15 136
15 150
15 166
15 177
15 180
15 181
15 185
15 188
15 198
16 7
16 8
16 12
16 23
16 28
16 35
16 41
16 42
16 54
16 62
16 65
16 69
16 70
16 78
16 82
16 87
16 92
16 93
16 94
16 97
16 99
16 101
16 105
16 106
16 109
16 112
16 116
16 124
16 134
16 144
16 150
16 153
16 154
16 158
16 159
16 160
16 170
16 171
16 177
16 184
16 186
16 194
17 12
17 19
17 20
17 22
17 70
17 73
17 80
17 98
17 101
17 141
17 150
17 163
17 164
17 187
18 3
18 5
18 11
18 17
18 19
18 25
18 26
18 31
18 33
18 35
18 56
18 59
18 67
18 68
18 71
18 72
18 74
18 92
18 94
18 101
18 123
18 127
18 133
18 136
18 139
18 145
18 173
18 177
18 182
18 186
18 188
18 196
18 200
19 50
21 1
21 4
21 5
21 8
21 13
21 14
21 22
21 25
21 26
21 32
21 33
21 35
21 44
21 56
21 58
21 59
21 62
21 71
21 72
21 73
21 77
21 86
21 89
21 94
21 95
21 97
21 101
21 110
21 112
21 115
21 116
21 117
21 119
21 126
21 128
21 133
21 138
21 141
21 143
21 144
21 149
21 150
21 152
21 155
21 157
21 158
21 169
21 175
21 178
21 179
21 181
21 185
21 188
21 191
21 200
22 5
22 20
22 73
22 118
23 11
23 14
23 37
23 42
23 55
23 69
23 71
23 76
23 82
23 98
23 106
23 108
23 119
23 123
23 126
23 141
23 155
23 159
23 163
23 164
23 173
23 175
23 181
23 189
24 1
24 77
24 87
24 103
24 145
25 1
25 2
25 4
25 5
25 9
25 11
25 12
25 17
25 22
25 26
25 38
25 41
25 49
25 57
25 67
25 68
25 69
25 72
25 77
25 78
25 83
25 85
25 96
25 98
25 103
25 104
25 126
25 128
25 132
25 133
25 136
25 141
25 161
25 162
25 168
25 175
25 197
25 200
26 3
26 5
26 19
26 24
26 57
26 58
26 70
26 73
26 75
26 77
26 80
26 83
26 92
26 97
26 104
26 118
26 124
26 132
26 139
26 145
26 160
26 163
26 164
26 170
26 177
26 187
27 4
27 5
27 6
27 14
27 18
27 26
27 34
27 38
27 55
27 62
27 68
27 73
27 74
27 78
27 82
27 83
27 87
27 94
27 99
27 101
27 111
27 132
27 133
27 136
27 137
27 138
27 146
27 148
27 149
27 150
27 156
27 157
27 162
27 164
27 165
27 166
27 168
27 173
27 175
27 177
27 178
27 180
27 192
27 194
27 197
28 3
28 11
28 19
28 35
28 41
28 43
28 45
28 58
28 60
28 61
28 69
28 73
28 74
28 75
28 83
28 87
28 95
28 98
28 99
28 101
28 102
28 103
28 104
28 107
28 118
28 123
28 124
28 128
28 130
28 140
28 153
28 157
28 159
28 164
28 173
28 181
28 185
28 191
28 197
28 200
29 3
29 4
29 5
29 9
29 11
29 14
29 22
29 35
29 41
29 69
29 70
29 71
29 74
29 78
29 83
29 96
29 97
29 99
29 114
29 140
29 148
29 151
29 166
29 171
29 178
29 189
30 9
30 14
30 31
30 65
30 71
30 81
30 92
30 99
30 118
30 127
30 143
30 159
30 162
31 4
31 5
31 14
31 17
31 20
31 32
31 48
31 58
31 61
31 68
31 71
31 87
31 93
31 98
31 99
31 104
31 126
31 128
31 130
31 145
31 150
31 157
31 159
31 164
31 169
31 171
31 173
31 189
31 193
31 195
31 197
31 200
32 41
32 45
32 61
32 80
32 81
32 92
32 96
32 98
32 103
32 127
32 141
32 160
32 164
32 169
32 173
32 175
32 181
32 184
32 195
33 2
33 3
33 4
33 6
33 11
33 14
33 19
33 26
33 28
33 30
33 31
33 39
33 41
33 43
33 45
33 46
33 49
33 57
33 62
33 71
33 74
33 79
33 82
33 96
33 103
33 107
33 117
33 124
33 127
33 130
33 149
33 150
33 152
33 153
33 166
33 168
33 169
33 173
33 174
33 175
33 177
33 181
33 185
33 187
33 188
33 197
33 198
33 200
34 3
34 4
34 6
34 9
34 14
34 18
34 19
34 25
34 29
34 31
34 35
34 37
34 41
34 44
34 45
34 46
34 58
34 59
34 65
34 68
34 72
34 73
34 74
34 78
34 80
34 83
34 86
34 87
34 89
34 92
34 109
34 116
34 117
34 122
34 126
34 136
34 137
34 141
34 143
34 152
34 154
34 155
34 158
34 160
34 164
34 166
34 171
34 173
34 180
34 182
34 183
34 184
34 185
34 191
34 193
34 197
34 199
35 2
35 4
35 17
35 19
35 22
35 26
35 38
35 42
35 58
35 59
35 61
35 67
35 70
35 81
35 85
35 95
35 115
35 118
35 125
35 126
35 133
35 136
35 144
35 145
35 155
35 159
35 163
35 164
35 166
35 168
35 170
35 171
35 172
35 175
35 177
35 178
35 184
35 186
35 187
35 197
35 198
36 3
37 4
37 5
37 11
37 20
37 22
37 26
37 38
37 41
37 55
37 58
37 59
37 73
37 74
37 83
37 85
37 87
37 101
37 103
37 115
37 130
37 133
37 150
37 153
37 155
37 159
37 160
37 164
37 168
37 175
37 177
37 184
37 185
37 200
38 2
38 3
38 17
38 19
38 22
38 26
38 41
38 43
38 72
38 83
38 92
38 98
38 99
38 115
38 118
38 125
38 130
38 133
38 139
38 151
39 5
39 22
39 38
39 58
39 96
39 104
39 150
39 155
39 171
39 179
39 195
40 2
40 4
40 5
40 7
40 9
40 11
40 19
40 22
40 26
40 33
40 34
40 41
40 42
40 45
40 51
40 52
40 54
40 56
40 69
40 70
40 74
40 80
40 84
40 85
40 86
40 90
40 99
40 103
40 104
40 111
40 120
40 125
40 130
40 131
40 132
40 133
40 134
40 136
40 137
40 143
40 155
40 156
40 158
40 160
40 171
40 172
40 174
40 181
40 183
40 185
40 191
40 192
40 193
41 1
41 2
41 3
41 19
41 22
41 58
41 80
41 83
41 85
41 92
41 97
41 98
41 115
41 124
41 130
41 132
41 133
41 141
41 144
41 151
41 160
41 178
41 179
41 187
42 1
42 19
42 22
42 85
42 103
42 143
42 144
42 155
42 169
42 177
42 178
43 2
43 3
43 5
43 17
43 26
43 42
43 77
43 80
43 83
43 85
43 87
43 92
43 108
43 118
43 139
43 144
43 145
43 155
43 187
43 195
44 1
44 12
44 43
44 48
44 67
44 70
44 72
44 74
44 78
44 80
44 87
44 95
44 97
44 98
44 99
44 103
44 104
44 115
44 124
44 132
44 135
44 166
44 170
44 175
44 178
44 185
44 200
45 5
45 115
46 2
46 3
46 14
46 38
46 59
46 71
46 72
46 73
46 83
46 92
46 93
46 101
46 103
46 106
46 110
46 115
46 116
46 124
46 128
46 132
46 133
46 150
46 162
46 170
46 185
47 4
47 56
47 74
47 98
48 61
48 123
48 133
48 178
49 2
49 5
49 67
49 72
49 75
49 87
49 103
49 141
49 145
49 173
49 181
51 5
51 20
51 21
51 38
51 41
51 73
51 94
51 111
51 126
51 136
51 137
51 144
51 160
51 162
51 171
51 172
51 180
51 188
52 1
52 9
52 11
52 14
52 17
52 19
52 32
52 60
52 62
52 65
52 73
52 74
52 77
52 82
52 94
52 97
52 98
52 106
52 108
52 110
52 115
52 117
52 118
52 121
52 130
52 132
52 136
52 139
52 141
52 149
52 153
52 163
52 166
52 173
52 178
52 181
52 188
52 189
52 190
52 198
53 1
53 3
53 18
53 21
53 27
53 30
53 31
53 41
53 43
53 63
53 69
53 72
53 73
53 74
53 78
53 82
53 84
53 85
53 94
53 98
53 103
53 104
53 105
53 106
53 122
53 126
53 137
53 141
53 144
53 156
53 159
53 161
53 168
53 169
53 170
53 173
53 189
53 192
53 193
53 194
53 195
53 196
54 4
54 5
54 14
54 17
54 22
54 25
54 27
54 28
54 29
54 32
54 34
54 37
54 42
54 44
54 49
54 55
54 56
54 67
54 68
54 71
54 78
54 82
54 83
54 86
54 87
54 90
54 98
54 100
54 103
54 116
54 117
54 121
54 122
54 126
54 133
54 136
54 139
54 143
54 144
54 145
54 148
54 150
54 152
54 153
54 155
54 164
54 166
54 168
54 171
54 177
54 178
54 179
54 180
54 181
54 185
54 191
54 192
54 194
54 195
54 197
54 198
54 199
55 3
55 5
55 20
55 22
55 57
55 58
55 103
55 104
55 118
55 143
55 144
55 145
55 150
55 155
55 175
55 178
56 2
56 3
56 4
56 5
56 8
56 9
56 12
56 14
56 19
56 22
56 26
56 29
56 35
56 42
56 55
56 65
56 67
56 69
56 70
56 72
56 74
56 75
56 80
56 86
56 87
56 92
56 93
56 103
56 104
56 115
56 117
56 118
56 122
56 123
56 124
56 125
56 126
56 127
56 128
56 130
56 132
56 145
56 150
56 152
56 155
56 156
56 158
56 162
56 164
56 165
56 183
56 184
56 185
56 189
56 195
56 197
57 118
58 3
58 5
58 19
58 75
58 92
58 118
58 130
58 133
58 143
58 144
58 151
58 164
58 170
58 178
58 195
59 26
59 42
59 43
59 45
59 67
59 70
59 93
59 97
59 101
59 115
59 130
59 135
59 136
59 156
59 157
59 168
59 171
59 177
59 178
59 191
59 198
59 200
60 3
60 70
60 133
60 164
61 5
61 73
61 118
61 123
61 155
61 164
61 178
62 3
62 5
62 10
62 22
62 28
62 38
62 41
62 43
62 74
62 78
62 95
62 98
62 99
62 105
62 107
62 123
62 124
62 132
62 135
62 141
62 148
62 163
62 166
62 168
62 188
62 195
63 61
63 97
63 103
63 118
63 130
63 150
63 151
63 195
64 38
64 158
64 164
64 171
64 194
64 198
65 1
65 12
65 19
65 25
65 31
65 32
65 35
65 38
65 49
65 50
65 55
65 59
65 72
65 74
65 81
65 92
65 93
65 98
65 104
65 126
65 128
65 130
65 133
65 135
65 139
65 156
65 160
65 166
65 171
65 173
65 177
65 178
65 184
66 1
66 5
66 7
66 11
66 29
66 33
66 37
66 38
66 41
66 48
66 49
66 52
66 58
66 73
66 79
66 80
66 103
66 107
66 119
66 124
66 133
66 136
66 140
66 149
66 157
66 173
66 175
66 177
66 179
66 181
66 186
66 188
66 189
66 191
66 192
66 199
67 3
67 10
67 17
67 22
67 24
67 45
67 60
67 70
67 73
67 78
67 87
67 107
67 118
67 139
67 141
67 164
67 169
68 2
68 3
68 5
68 17
68 39
68 67
68 72
68 80
68 83
68 92
68 114
68 130
68 153
68 155
68 160
68 166
68 173
68 177
68 178
68 200
69 1
69 12
69 22
69 43
69 45
69 48
69 55
69 61
69 67
69 72
69 74
69 83
69 85
69 93
69 96
69 99
69 101
69 103
69 104
69 108
69 124
69 126
69 133
69 135
69 141
69 143
69 150
69 155
69 157
69 159
69 164
69 168
69 175
69 179
69 195
70 19
70 22
70 123
70 140
70 164
71 3
71 10
71 22
71 26
71 42
71 43
71 55
71 58
71 72
71 74
71 78
71 80
71 96
71 98
71 99
71 104
71 105
71 108
71 114
71 124
71 131
71 153
71 163
71 175
71 185
71 191
71 195
71 197
71 200
72 3
72 20
72 22
72 70
72 101
72 130
72 132
72 150
73 164
74 1
74 3
74 22
74 38
74 41
74 70
74 73
74 77
74 78
74 87
74 92
74 93
74 97
74 98
74 101
74 103
74 104
74 107
74 115
74 123
74 126
74 133
74 157
74 169
74 171
74 178
76 61
76 99
76 103
76 118
76 151
77 5
78 1
78 2
78 5
78 17
78 19
78 22
78 42
78 50
78 58
78 72
78 73
78 75
78 77
78 98
78 99
78 115
78 118
78 124
78 125
78 150
78 160
78 164
78 169
78 178
78 195
79 26
79 74
79 78
79 83
79 85
79 102
79 116
79 127
79 158
79 171
79 177
79 184
80 20
80 22
80 42
80 58
80 61
80 70
80 73
80 83
80 85
80 99
80 101
80 118
80 130
80 132
80 133
80 140
80 143
80 145
80 151
80 170
80 195
81 58
81 87
81 101
81 124
81 160
81 178
82 1
82 3
82 4
82 5
82 19
82 28
82 31
82 38
82 39
82 57
82 61
82 73
82 80
82 93
82 95
82 99
82 101
82 106
82 108
82 116
82 117
82 118
82 125
82 126
82 132
82 135
82 136
82 139
82 154
82 158
82 160
82 168
82 169
82 175
82 178
82 181
82 189
82 191
82 193
82 197
82 198
83 19
83 24
83 50
83 73
83 85
83 87
83 103
83 115
83 118
83 132
83 139
83 155
83 169
83 177
83 178
84 2
84 3
84 5
84 6
84 8
84 17
84 18
84 21
84 22
84 23
84 24
84 26
84 29
84 33
84 37
84 39
84 41
84 42
84 44
84 50
84 54
84 55
84 56
84 69
84 74
84 78
84 82
84 83
84 87
84 89
84 98
84 100
84 103
84 104
84 107
84 116
84 120
84 121
84 122
84 127
84 130
84 133
84 135
84 140
84 150
84 155
84 157
84 158
84 162
84 164
84 168
84 170
84 175
84 180
84 181
84 184
84 186
84 188
84 189
84 193
85 70
85 99
85 115
85 145
85 155
86 8
86 22
86 25
86 26
86 28
86 38
86 42
86 44
86 46
86 58
86 59
86 60
86 67
86 70
86 71
86 72
86 74
86 81
86 83
86 85
86 87
86 99
86 103
86 108
86 111
86 114
86 116
86 122
86 130
86 133
86 135
86 139
86 157
86 160
86 164
86 166
86 180
86 189
86 193
86 198
87 1
87 61
87 70
87 73
87 77
87 118
87 133
87 144
87 150
87 164
87 169
87 177
88 1
88 3
88 8
88 14
88 22
88 25
88 27
88 32
88 46
88 57
88 61
88 65
88 67
88 69
88 74
88 81
88 82
88 85
88 92
88 96
88 103
88 108
88 116
88 136
88 139
88 144
88 156
88 158
88 164
88 171
88 177
88 189
88 194
88 200
89 8
89 25
89 31
89 55
89 62
89 74
89 97
89 103
89 124
89 126
89 127
89 140
89 157
89 171
89 177
89 183
89 189
89 193
89 195
90 26
90 43
90 55
90 117
90 127
90 158
90 166
90 181
90 185
90 188
91 1
91 5
91 7
91 8
91 19
91 25
91 28
91 33
91 37
91 38
91 41
91 43
91 50
91 57
91 58
91 69
91 70
91 79
91 84
91 88
91 94
91 100
91 101
91 103
91 106
91 107
91 118
91 120
91 122
91 127
91 132
91 133
91 134
91 138
91 139
91 143
91 153
91 155
91 160
91 161
91 162
91 163
91 164
91 170
91 171
91 178
91 185
91 189
91 191
91 194
91 198
91 200
92 1
92 70
92 73
92 130
92 133
92 144
92 155
92 177
93 5
93 17
93 41
93 55
93 57
93 58
93 63
93 80
93 97
93 98
93 114
93 132
93 150
93 164
93 165
93 175
93 181
94 1
94 4
94 8
94 12
94 14
94 17
94 26
94 29
94 38
94 42
94 44
94 56
94 61
94 64
94 70
94 72
94 74
94 75
94 78
94 80
94 82
94 85
94 86
94 87
94 95
94 98
94 103
94 106
94 108
94 111
94 115
94 116
94 118
94 123
94 124
94 125
94 126
94 127
94 135
94 139
94 145
94 149
94 150
94 152
94 153
94 154
94 155
94 156
94 157
94 159
94 166
94 168
94 169
94 170
94 171
94 173
94 180
94 181
94 185
94 186
94 191
94 196
95 3
95 17
95 43
95 58
95 61
95 73
95 78
95 81
95 83
95 97
95 103
95 126
95 133
95 139
95 157
95 164
95 170
95 171
95 177
95 179
95 181
96 41
96 48
96 87
96 92
96 118
96 126
96 150
96 159
96 165
96 173
97 1
97 2
97 3
97 19
97 22
97 83
97 87
97 101
97 118
97 140
97 145
97 163
97 178
98 3
98 19
98 42
98 61
98 70
98 72
98 73
98 85
98 92
98 123
98 132
98 145
98 177
98 178
98 195
99 57
99 61
99 140
99 145
100 10
100 29
100 37
100 46
100 73
100 74
100 82
100 104
100 108
100 126
100 153
100 158
100 173
100 179
100 184
100 186
101 70
101 73
101 77
101 99
101 133
101 140
101 143
101 145
101 155
101 164
102 4
102 17
102 43
102 85
102 92
102 123
102 130
102 139
102 140
102 157
102 160
102 164
102 185
103 3
103 5
103 70
103 101
103 140
103 145
103 155
103 169
104 3
104 22
104 61
104 115
104 118
104 133
105 2
105 12
105 22
105 80
105 97
105 101
105 114
105 124
105 143
105 151
105 164
105 175
106 3
106 5
106 9
106 11
106 20
106 32
106 37
106 38
106 41
106 67
106 70
106 81
106 83
106 93
106 101
106 104
106 108
106 110
106 118
106 124
106 128
106 135
106 139
106 140
106 144
106 152
106 157
106 163
106 164
106 165
106 166
106 170
106 173
106 177
106 178
106 181
106 184
106 193
106 197
106 198
107 26
107 50
107 104
107 118
107 124
107 155
107 160
108 17
108 48
108 72
108 83
108 92
108 103
108 107
108 115
108 118
108 119
108 132
108 144
108 155
108 160
108 163
108 164
109 11
109 20
109 22
109 29
109 31
109 32
109 38
109 50
109 56
109 59
109 61
109 68
109 70
109 78
109 87
109 103
109 111
109 116
109 124
109 136
109 139
109 146
109 152
109 156
109 157
109 166
109 171
109 178
109 184
109 185
109 188
109 193
109 194
109 198
110 3
110 5
110 22
110 72
110 87
110 118
110 124
111 5
111 6
111 8
111 11
111 14
111 17
111 25
111 26
111 31
111 32
111 35
111 38
111 39
111 59
111 62
111 67
111 72
111 73
111 77
111 85
111 89
111 95
111 97
111 101
111 106
111 107
111 114
111 118
111 122
111 127
111 137
111 147
111 151
111 152
111 153
111 158
111 161
111 162
111 164
111 171
111 174
111 179
111 185
111 188
111 193
112 4
112 5
112 12
112 20
112 38
112 56
112 83
112 111
112 126
112 155
112 158
112 173
112 178
112 179
112 191
112 198
112 200
113 3
113 7
113 8
113 10
113 17
113 22
113 30
113 31
113 35
113 39
113 44
113 56
113 65
113 66
113 69
113 78
113 90
113 92
113 96
113 109
113 110
113 116
113 117
113 122
113 125
113 127
113 137
113 139
113 145
113 148
113 149
113 152
113 157
113 164
113 180
113 181
113 184
113 188
113 191
113 192
113 198
114 2
114 19
114 26
114 42
114 72
114 83
114 97
114 98
114 163
114 164
115 61
115 73
115 145
115 164
116 3
116 4
116 5
116 9
116 11
116 19
116 37
116 58
116 73
116 75
116 77
116 98
116 99
116 126
116 136
116 148
116 150
116 151
116 152
116 155
116 157
116 159
116 162
116 168
116 171
116 178
116 179
116 181
116 191
116 195
116 197
116 200
117 4
117 8
117 12
117 22
117 29
117 32
117 41
117 44
117 49
117 57
117 59
117 71
117 80
117 93
117 98
117 99
117 118
117 124
117 127
117 136
117 144
117 145
117 150
117 153
117 155
117 162
117 163
117 164
117 184
117 188
117 191
117 198
118 19
118 164
119 129
120 4
120 5
120 7
120 9
120 19
120 23
120 24
120 29
120 33
120 34
120 35
120 37
120 38
120 43
120 44
120 46
120 54
120 58
120 72
120 78
120 82
120 83
120 85
120 95
120 99
120 102
120 103
120 107
120 111
120 114
120 122
120 126
120 127
120 130
120 135
120 136
120 140
120 143
120 144
120 146
120 147
120 148
120 149
120 155
120 160
120 164
120 166
120 173
120 175
120 177
120 184
120 185
120 193
120 194
120 197
121 1
121 2
121 9
121 12
121 14
121 17
121 22
121 26
121 33
121 35
121 37
121 43
121 46
121 59
121 61
121 74
121 78
121 82
121 89
121 95
121 97
121 98
121 107
121 116
121 122
121 130
121 140
121 145
121 149
121 155
121 166
121 168
121 178
122 2
122 5
122 29
122 31
122 32
122 37
122 38
122 39
122 49
122 59
122 72
122 73
122 78
122 80
122 92
122 95
122 97
122 99
122 101
122 106
122 114
122 118
122 128
122 130
122 132
122 136
122 143
122 150
122 152
122 155
122 157
122 158
122 164
122 166
122 184
122 188
122 197
124 3
124 5
124 42
124 57
124 61
124 72
124 87
124 101
124 104
124 115
124 118
124 125
124 144
124 151
124 155
124 164
124 169
124 178
125 5
126 1
126 2
126 41
126 55
126 67
126 73
126 87
126 93
126 97
126 98
126 103
126 104
126 108
126 110
126 133
126 139
126 140
126 141
126 143
126 144
126 150
126 159
126 164
126 165
126 173
126 175
126 177
126 178
127 1
127 19
127 26
127 39
127 41
127 43
127 45
127 48
127 58
127 67
127 69
127 73
127 74
127 78
127 81
127 87
127 98
127 99
127 101
127 104
127 115
127 118
127 126
127 140
127 144
127 153
127 169
127 170
127 175
127 178
127 185
127 195
128 12
128 17
128 38
128 67
128 69
128 70
128 73
128 78
128 83
128 96
128 97
128 101
128 108
128 110
128 124
128 136
128 143
128 144
128 145
128 155
128 164
128 168
128 169
128 170
128 186
128 191
128 200
129 145
129 178
130 19
130 61
130 70
130 73
130 101
130 103
130 123
130 140
130 145
130 164
132 3
132 5
132 12
132 19
132 57
132 73
132 140
132 145
132 169
133 19
133 50
133 73
133 164
134 3
134 5
134 9
134 13
134 17
134 18
134 19
134 25
134 31
134 32
134 33
134 35
134 59
134 61
134 65
134 67
134 74
134 75
134 78
134 82
134 83
134 85
134 86
134 87
134 93
134 111
134 112
134 114
134 116
134 117
134 121
134 124
134 130
134 138
134 139
134 143
134 144
134 156
134 157
134 173
134 175
134 177
134 181
134 184
134 188
134 189
134 191
134 193
134 197
134 200
135 2
135 19
135 41
135 58
135 61
135 73
135 104
135 108
135 124
135 125
135 126
135 143
135 160
135 177
135 178
135 181
136 2
136 3
136 5
136 19
136 41
136 61
136 73
136 78
136 81
136 83
136 87
136 95
136 103
136 107
136 118
136 126
136 157
136 163
136 166
136 171
136 173
136 187
136 200
137 3
137 9
137 11
137 14
137 19
137 22
137 44
137 74
137 77
137 78
137 82
137 87
137 92
137 93
137 97
137 103
137 106
137 114
137 124
137 144
137 155
137 156
137 160
137 162
137 164
137 194
137 198
138 2
138 3
138 8
138 17
138 29
138 59
138 87
138 90
138 94
138 95
138 98
138 107
138 108
138 111
138 117
138 121
138 122
138 133
138 136
138 137
138 144
138 148
138 156
138 159
138 160
138 164
138 177
138 178
138 179
138 180
138 181
138 185
138 195
138 196
138 197
139 1
139 45
139 61
139 72
139 73
139 75
139 87
139 101
139 123
139 124
139 140
140 19
140 61
140 164
140 169
140 178
141 24
141 104
142 5
142 11
142 14
142 34
142 39
142 43
142 46
142 72
142 89
142 121
143 61
143 140
143 178
144 143
144 178
145 3
145 19
145 70
146 3
146 4
146 22
146 41
146 72
146 73
146 87
146 95
146 96
146 99
146 106
146 117
146 144
146 152
146 158
146 161
146 166
146 178
146 185
146 197
147 3
147 28
147 106
147 108
147 128
147 157
147 158
147 184
148 5
148 12
148 19
148 38
148 44
148 49
148 74
148 83
148 92
148 93
148 115
148 123
148 127
148 150
148 157
148 159
148 164
148 171
149 1
149 9
149 19
149 22
149 38
149 44
149 61
149 63
149 68
149 71
149 74
149 83
149 85
149 87
149 92
149 98
149 102
149 103
149 114
149 116
149 124
149 125
149 130
149 132
149 151
149 156
149 159
149 164
149 185
149 193
149 198
149 200
150 3
150 5
150 50
150 57
150 132
151 143
151 144
151 145
151 178
152 1
152 12
152 22
152 24
152 26
152 28
152 35
152 42
152 43
152 58
152 59
152 71
152 73
152 74
152 81
152 85
152 95
152 98
152 101
152 108
152 115
152 118
152 124
152 143
152 156
152 164
152 170
152 171
152 184
152 185
152 186
153 22
153 26
153 39
153 48
153 49
153 55
153 87
153 93
153 95
153 97
153 98
153 104
153 107
153 108
153 115
153 125
153 139
153 140
153 141
153 161
153 171
153 185
153 187
154 1
154 5
154 118
154 164
154 200
156 1
156 38
156 41
156 63
156 69
156 72
156 80
156 85
156 87
156 97
156 99
156 104
156 124
156 133
156 144
156 151
156 153
156 160
156 164
156 166
156 170
156 171
156 177
156 179
156 185
157 1
157 3
157 22
157 38
157 41
157 43
157 61
157 72
157 73
157 76
157 77
157 78
157 80
157 83
157 97
157 99
157 104
157 114
157 115
157 118
157 124
157 125
157 133
157 140
157 141
157 145
157 150
157 155
157 159
157 160
157 161
157 163
157 164
157 169
157 170
157 173
157 175
157 177
157 195
158 2
158 3
158 4
158 5
158 8
158 11
158 12
158 14
158 17
158 19
158 24
158 25
158 26
158 28
158 39
158 41
158 43
158 45
158 48
158 58
158 61
158 63
158 65
158 69
158 74
158 78
158 80
158 83
158 85
158 92
158 96
158 98
158 103
158 108
158 117
158 126
158 130
158 136
158 140
158 144
158 148
158 153
158 157
158 161
158 162
158 163
158 168
158 177
158 179
158 183
158 185
158 197
159 3
159 17
159 55
159 72
159 75
159 77
159 99
159 101
159 139
159 155
159 175
159 187
160 2
160 24
160 58
160 61
160 72
160 73
160 80
160 87
160 99
160 103
160 115
160 123
160 124
160 133
160 139
160 150
160 178
161 104
161 150
161 155
161 163
161 170
161 178
162 1
162 14
162 17
162 28
162 35
162 36
162 37
162 41
162 42
162 43
162 58
162 59
162 67
162 69
162 70
162 71
162 75
162 76
162 78
162 83
162 87
162 97
162 103
162 108
162 115
162 118
162 127
162 133
162 135
162 136
162 148
162 152
162 153
162 155
162 157
162 159
162 160
162 161
162 166
162 168
162 170
162 175
162 181
162 185
162 188
162 191
163 3
163 19
163 22
163 24
163 58
163 72
163 73
163 75
163 104
163 115
163 118
163 130
163 139
163 143
163 144
163 145
163 177
163 178
165 26
165 38
165 41
165 70
165 72
165 97
165 104
165 179
166 1
166 3
166 5
166 38
166 41
166 43
166 48
166 55
166 58
166 61
166 69
166 70
166 72
166 80
166 85
166 87
166 93
166 97
166 98
166 101
166 103
166 104
166 108
166 115
166 118
166 126
166 133
166 135
166 144
166 153
166 155
166 170
166 175
166 177
166 178
166 185
166 195
167 139
168 3
168 19
168 41
168 43
168 50
168 75
168 81
168 87
168 98
168 104
168 110
168 133
168 177
169 22
169 50
169 118
169 164
170 5
170 22
170 72
170 87
170 124
170 133
170 145
170 169
170 178
171 1
171 5
171 12
171 19
171 45
171 50
171 58
171 78
171 98
171 99
171 101
171 103
171 104
171 115
171 123
171 132
171 143
171 150
171 157
171 163
171 164
171 173
171 175
171 179
171 181
171 187
172 17
172 178
173 2
173 3
173 10
173 17
173 19
173 20
173 22
173 26
173 41
173 55
173 61
173 63
173 72
173 80
173 99
173 101
173 108
173 119
173 143
173 155
173 161
173 163
173 164
173 195
174 5
174 9
174 19
174 29
174 35
174 42
174 45
174 62
174 72
174 83
174 85
174 97
174 99
174 103
174 108
174 115
174 118
174 144
174 175
175 1
175 3
175 12
175 17
175 41
175 43
175 45
175 77
175 78
175 83
175 103
175 107
175 115
175 118
175 123
175 124
175 125
175 130
175 144
175 160
176 95
177 1
177 5
177 61
177 103
177 118
177 144
177 178
178 118
179 1
179 58
179 83
179 87
179 98
179 151
179 170
180 2
180 3
180 5
180 8
180 11
180 17
180 22
180 28
180 31
180 32
180 35
180 38
180 39
180 42
180 43
180 46
180 55
180 70
180 71
180 72
180 73
180 77
180 80
180 81
180 83
180 85
180 93
180 98
180 110
180 117
180 118
180 119
180 126
180 127
180 128
180 132
180 136
180 139
180 141
180 144
180 145
180 150
180 156
180 157
180 158
180 162
180 164
180 168
180 175
180 181
180 183
180 188
180 193
181 3
181 26
181 41
181 43
181 61
181 73
181 98
181 99
181 110
181 139
181 140
181 150
181 168
181 187
182 3
182 24
182 83
182 92
182 139
182 140
182 157
182 159
182 181
183 77
183 118
184 1
184 2
184 5
184 26
184 38
184 41
184 44
184 45
184 55
184 60
184 61
184 69
184 75
184 99
184 105
184 108
184 123
184 124
184 133
184 139
184 144
184 150
184 156
184 161
184 165
184 166
184 171
184 173
184 177
184 181
184 191
184 197
185 5
185 41
185 55
185 61
185 63
185 72
185 73
185 74
185 77
185 92
185 93
185 99
185 101
185 108
185 124
185 126
185 135
185 141
185 143
185 144
185 145
185 150
185 155
185 161
185 163
185 164
185 168
185 195
186 3
186 57
186 93
186 114
186 132
186 136
186 145
186 148
186 171
186 173
186 177
186 197
187 1
187 3
187 98
187 99
187 132
187 164
187 178
188 1
188 4
188 19
188 24
188 26
188 35
188 39
188 43
188 48
188 59
188 61
188 73
188 78
188 80
188 81
188 83
188 101
188 103
188 104
188 108
188 118
188 125
188 126
188 127
188 128
188 132
188 135
188 136
188 143
188 144
188 148
188 156
188 157
188 164
188 166
188 170
188 171
188 178
188 185
189 1
189 3
189 4
189 9
189 11
189 28
189 38
189 58
189 59
189 69
189 72
189 73
189 77
189 83
189 87
189 98
189 99
189 107
189 108
189 115
189 124
189 125
189 132
189 133
189 135
189 139
189 144
189 145
189 148
189 152
189 155
189 157
189 159
189 169
189 170
189 173
189 177
189 185
189 195
189 198
189 200
190 104
190 163
191 3
191 17
191 24
191 26
191 42
191 58
191 67
191 70
191 74
191 78
191 95
191 96
191 97
191 114
191 115
191 124
191 125
191 126
191 143
191 144
191 151
191 159
191 160
191 164
191 166
191 168
191 169
191 172
191 178
191 198
192 1
192 5
192 10
192 14
192 18
192 25
192 26
192 29
192 35
192 37
192 38
192 43
192 44
192 49
192 55
192 63
192 65
192 67
192 69
192 78
192 80
192 86
192 95
192 97
192 101
192 103
192 104
192 111
192 112
192 118
192 122
192 126
192 133
192 137
192 141
192 143
192 144
192 148
192 152
192 154
192 156
192 158
192 160
192 165
192 166
192 171
192 177
192 178
192 181
192 186
192 188
192 194
192 196
192 197
193 5
193 20
193 26
193 29
193 43
193 44
193 59
193 68
193 74
193 78
193 80
193 107
193 108
193 116
193 118
193 133
193 139
193 140
193 141
193 150
193 151
193 160
193 164
193 166
193 177
193 178
193 185
193 186
193 188
193 190
194 1
194 4
194 5
194 8
194 14
194 19
194 25
194 32
194 37
194 43
194 59
194 62
194 65
194 72
194 76
194 80
194 85
194 93
194 97
194 101
194 102
194 108
194 117
194 118
194 122
194 126
194 133
194 135
194 143
194 150
194 160
194 162
194 163
194 172
194 173
194 177
194 179
194 184
194 188
194 189
194 198
195 3
195 20
195 22
195 73
195 99
195 101
195 103
195 132
195 145
195 150
195 155
195 178
196 5
196 26
196 29
196 31
196 43
196 67
196 69
196 71
196 72
196 73
196 77
196 80
196 93
196 95
196 117
196 123
196 125
196 136
196 154
196 171
196 172
196 173
196 178
196 197
196 198
197 1
197 3
197 5
197 10
197 20
197 24
197 38
197 42
197 69
197 73
197 74
197 81
197 83
197 85
197 93
197 95
197 97
197 103
197 108
197 118
197 123
197 135
197 136
197 148
197 151
197 155
197 166
197 195
197 200
198 5
198 26
198 41
198 85
198 101
198 103
198 107
198 108
198 118
198 132
198 135
198 153
198 157
198 160
198 164
198 170
198 175
198 185
199 1
199 3
199 22
199 25
199 29
199 31
199 35
199 41
199 44
199 45
199 46
199 52
199 56
199 65
199 67
199 69
199 77
199 79
199 82
199 92
199 97
199 103
199 106
199 121
199 125
199 128
199 134
199 136
199 139
199 145
199 149
199 150
199 153
199 160
199 162
199 164
199 166
199 168
199 169
199 171
199 173
199 174
199 175
199 177
199 180
199 189
199 196
199 197
199 198
200 26
200 63
200 78
200 80
200 83
200 95
200 99
200 103
200 107
200 124
200 132
200 133
200 161
200 171
200 182
